# Data file generated by gp_save.m
# 
-50	-0.089046	-3.1887	3.0106
-49.818	-0.097637	-3.1921	2.9968
-49.636	-0.10623	-3.1954	2.983
-49.454	-0.11482	-3.1988	2.9691
-49.271	-0.12341	-3.2022	2.9553
-49.089	-0.132	-3.2055	2.9415
-48.907	-0.14059	-3.2089	2.9277
-48.725	-0.14919	-3.2123	2.914
-48.543	-0.15778	-3.2158	2.9002
-48.361	-0.16637	-3.2192	2.8864
-48.179	-0.17496	-3.2226	2.8727
-47.996	-0.18355	-3.2261	2.8589
-47.814	-0.19214	-3.2295	2.8452
-47.632	-0.20073	-3.233	2.8315
-47.45	-0.20933	-3.2364	2.8178
-47.268	-0.21792	-3.2399	2.8041
-47.086	-0.22651	-3.2434	2.7904
-46.903	-0.2351	-3.2469	2.7767
-46.721	-0.24369	-3.2504	2.7631
-46.539	-0.25228	-3.254	2.7494
-46.357	-0.26087	-3.2575	2.7357
-46.175	-0.26946	-3.261	2.7221
-45.993	-0.27806	-3.2646	2.7085
-45.811	-0.28665	-3.2682	2.6949
-45.628	-0.29524	-3.2717	2.6813
-45.446	-0.30383	-3.2753	2.6677
-45.264	-0.31242	-3.2789	2.6541
-45.082	-0.32101	-3.2825	2.6405
-44.9	-0.3296	-3.2862	2.6269
-44.718	-0.3382	-3.2898	2.6134
-44.536	-0.34679	-3.2934	2.5999
-44.353	-0.35538	-3.2971	2.5863
-44.171	-0.36397	-3.3007	2.5728
-43.989	-0.37256	-3.3044	2.5593
-43.807	-0.38115	-3.3081	2.5458
-43.625	-0.38974	-3.3118	2.5323
-43.443	-0.39834	-3.3155	2.5188
-43.26	-0.40693	-3.3192	2.5054
-43.078	-0.41552	-3.323	2.4919
-42.896	-0.42411	-3.3267	2.4785
-42.714	-0.4327	-3.3305	2.4651
-42.532	-0.44129	-3.3342	2.4517
-42.35	-0.44988	-3.338	2.4383
-42.168	-0.45847	-3.3418	2.4249
-41.985	-0.46707	-3.3456	2.4115
-41.803	-0.47566	-3.3494	2.3981
-41.621	-0.48425	-3.3533	2.3848
-41.439	-0.49284	-3.3571	2.3714
-41.257	-0.50143	-3.3609	2.3581
-41.075	-0.51002	-3.3648	2.3448
-40.893	-0.51861	-3.3687	2.3314
-40.71	-0.52721	-3.3726	2.3182
-40.528	-0.5358	-3.3765	2.3049
-40.346	-0.54439	-3.3804	2.2916
-40.164	-0.55298	-3.3843	2.2783
-39.982	-0.56157	-3.3882	2.2651
-39.8	-0.57016	-3.3922	2.2519
-39.617	-0.57875	-3.3961	2.2386
-39.435	-0.58735	-3.4001	2.2254
-39.253	-0.59594	-3.4041	2.2122
-39.071	-0.60453	-3.4081	2.199
-38.889	-0.61312	-3.4121	2.1859
-38.707	-0.62171	-3.4161	2.1727
-38.525	-0.6303	-3.4202	2.1596
-38.342	-0.63889	-3.4242	2.1464
-38.16	-0.64748	-3.4283	2.1333
-37.978	-0.65608	-3.4324	2.1202
-37.796	-0.66467	-3.4365	2.1071
-37.614	-0.67326	-3.4406	2.094
-37.432	-0.68185	-3.4447	2.081
-37.25	-0.69044	-3.4488	2.0679
-37.067	-0.69903	-3.453	2.0549
-36.885	-0.70762	-3.4571	2.0419
-36.703	-0.71622	-3.4613	2.0288
-36.521	-0.72481	-3.4655	2.0159
-36.339	-0.7334	-3.4697	2.0029
-36.157	-0.74199	-3.4739	1.9899
-35.974	-0.75058	-3.4781	1.9769
-35.792	-0.75917	-3.4823	1.964
-35.61	-0.76776	-3.4866	1.9511
-35.428	-0.77636	-3.4909	1.9382
-35.246	-0.78495	-3.4951	1.9253
-35.064	-0.79354	-3.4994	1.9124
-34.882	-0.80213	-3.5038	1.8995
-34.699	-0.81072	-3.5081	1.8866
-34.517	-0.81931	-3.5124	1.8738
-34.335	-0.8279	-3.5168	1.861
-34.153	-0.8365	-3.5211	1.8481
-33.971	-0.84509	-3.5255	1.8353
-33.789	-0.85368	-3.5299	1.8226
-33.607	-0.86227	-3.5343	1.8098
-33.424	-0.87086	-3.5388	1.797
-33.242	-0.87945	-3.5432	1.7843
-33.06	-0.88804	-3.5477	1.7716
-32.878	-0.89663	-3.5521	1.7589
-32.696	-0.90523	-3.5566	1.7462
-32.514	-0.91382	-3.5611	1.7335
-32.332	-0.92241	-3.5656	1.7208
-32.149	-0.931	-3.5702	1.7082
-31.967	-0.93959	-3.5747	1.6955
-31.785	-0.94818	-3.5793	1.6829
-31.603	-0.95677	-3.5839	1.6703
-31.421	-0.96537	-3.5885	1.6577
-31.239	-0.97396	-3.5931	1.6452
-31.056	-0.98255	-3.5977	1.6326
-30.874	-0.99114	-3.6023	1.6201
-30.692	-0.99973	-3.607	1.6075
-30.51	-1.0083	-3.6117	1.595
-30.328	-1.0169	-3.6164	1.5825
-30.146	-1.0255	-3.6211	1.5701
-29.964	-1.0341	-3.6258	1.5576
-29.781	-1.0427	-3.6305	1.5451
-29.599	-1.0513	-3.6353	1.5327
-29.417	-1.0599	-3.64	1.5203
-29.235	-1.0685	-3.6448	1.5079
-29.053	-1.0771	-3.6496	1.4955
-28.871	-1.0856	-3.6545	1.4832
-28.689	-1.0942	-3.6593	1.4708
-28.506	-1.1028	-3.6642	1.4585
-28.324	-1.1114	-3.669	1.4462
-28.142	-1.12	-3.6739	1.4339
-27.96	-1.1286	-3.6788	1.4216
-27.778	-1.1372	-3.6837	1.4094
-27.596	-1.1458	-3.6887	1.3971
-27.413	-1.1544	-3.6936	1.3849
-27.231	-1.163	-3.6986	1.3727
-27.049	-1.1716	-3.7036	1.3605
-26.867	-1.1801	-3.7086	1.3483
-26.685	-1.1887	-3.7136	1.3361
-26.503	-1.1973	-3.7187	1.324
-26.321	-1.2059	-3.7237	1.3119
-26.138	-1.2145	-3.7288	1.2998
-25.956	-1.2231	-3.7339	1.2877
-25.774	-1.2317	-3.739	1.2756
-25.592	-1.2403	-3.7442	1.2636
-25.41	-1.2489	-3.7493	1.2515
-25.228	-1.2575	-3.7545	1.2395
-25.046	-1.2661	-3.7597	1.2275
-24.863	-1.2747	-3.7649	1.2156
-24.681	-1.2832	-3.7701	1.2036
-24.499	-1.2918	-3.7753	1.1917
-24.317	-1.3004	-3.7806	1.1797
-24.135	-1.309	-3.7859	1.1678
-23.953	-1.3176	-3.7912	1.1559
-23.77	-1.3262	-3.7965	1.1441
-23.588	-1.3348	-3.8018	1.1322
-23.406	-1.3434	-3.8072	1.1204
-23.224	-1.352	-3.8125	1.1086
-23.042	-1.3606	-3.8179	1.0968
-22.86	-1.3692	-3.8233	1.085
-22.678	-1.3778	-3.8288	1.0733
-22.495	-1.3863	-3.8342	1.0615
-22.313	-1.3949	-3.8397	1.0498
-22.131	-1.4035	-3.8452	1.0381
-21.949	-1.4121	-3.8507	1.0264
-21.767	-1.4207	-3.8562	1.0148
-21.585	-1.4293	-3.8617	1.0031
-21.403	-1.4379	-3.8673	0.99153
-21.22	-1.4465	-3.8729	0.97993
-21.038	-1.4551	-3.8785	0.96835
-20.856	-1.4637	-3.8841	0.9568
-20.674	-1.4723	-3.8898	0.94526
-20.492	-1.4808	-3.8954	0.93374
-20.31	-1.4894	-3.9011	0.92224
-20.128	-1.498	-3.9068	0.91076
-19.945	-1.5066	-3.9125	0.89931
-19.763	-1.5152	-3.9183	0.88787
-19.581	-1.5238	-3.9241	0.87645
-19.399	-1.5324	-3.9298	0.86505
-19.217	-1.541	-3.9357	0.85368
-19.035	-1.5496	-3.9415	0.84232
-18.852	-1.5582	-3.9473	0.83099
-18.67	-1.5668	-3.9532	0.81967
-18.488	-1.5754	-3.9591	0.80838
-18.306	-1.5839	-3.965	0.79711
-18.124	-1.5925	-3.9709	0.78585
-17.942	-1.6011	-3.9769	0.77462
-17.76	-1.6097	-3.9829	0.76341
-17.577	-1.6183	-3.9888	0.75223
-17.395	-1.6269	-3.9949	0.74106
-17.213	-1.6355	-4.0009	0.72991
-17.031	-1.6441	-4.007	0.71879
-16.849	-1.6527	-4.013	0.70768
-16.667	-1.6613	-4.0191	0.6966
-16.485	-1.6699	-4.0253	0.68554
-16.302	-1.6784	-4.0314	0.6745
-16.12	-1.687	-4.0376	0.66349
-15.938	-1.6956	-4.0438	0.65249
-15.756	-1.7042	-4.05	0.64152
-15.574	-1.7128	-4.0562	0.63057
-15.392	-1.7214	-4.0625	0.61964
-15.209	-1.73	-4.0687	0.60873
-15.027	-1.7386	-4.075	0.59785
-14.845	-1.7472	-4.0813	0.58698
-14.663	-1.7558	-4.0877	0.57614
-14.481	-1.7644	-4.094	0.56532
-14.299	-1.773	-4.1004	0.55453
-14.117	-1.7815	-4.1068	0.54375
-13.934	-1.7901	-4.1133	0.533
-13.752	-1.7987	-4.1197	0.52227
-13.57	-1.8073	-4.1262	0.51157
-13.388	-1.8159	-4.1327	0.50088
-13.206	-1.8245	-4.1392	0.49022
-13.024	-1.8331	-4.1458	0.47959
-12.842	-1.8417	-4.1523	0.46897
-12.659	-1.8503	-4.1589	0.45838
-12.477	-1.8589	-4.1655	0.44781
-12.295	-1.8675	-4.1722	0.43726
-12.113	-1.8761	-4.1788	0.42674
-11.931	-1.8846	-4.1855	0.41624
-11.749	-1.8932	-4.1922	0.40576
-11.566	-1.9018	-4.199	0.39531
-11.384	-1.9104	-4.2057	0.38488
-11.202	-1.919	-4.2125	0.37447
-11.02	-1.9276	-4.2193	0.36409
-10.838	-1.9362	-4.2261	0.35373
-10.656	-1.9448	-4.233	0.34339
-10.474	-1.9534	-4.2398	0.33308
-10.291	-1.962	-4.2467	0.32279
-10.109	-1.9706	-4.2536	0.31253
-9.9271	-1.9791	-4.2606	0.30229
-9.745	-1.9877	-4.2675	0.29207
-9.5628	-1.9963	-4.2745	0.28187
-9.3807	-2.0049	-4.2815	0.2717
-9.1985	-2.0135	-4.2886	0.26156
-9.0164	-2.0221	-4.2956	0.25144
-8.8342	-2.0307	-4.3027	0.24134
-8.6521	-2.0393	-4.3098	0.23126
-8.4699	-2.0479	-4.317	0.22121
-8.2878	-2.0565	-4.3241	0.21119
-8.1056	-2.0651	-4.3313	0.20119
-7.9235	-2.0737	-4.3385	0.19121
-7.7413	-2.0822	-4.3457	0.18126
-7.5592	-2.0908	-4.353	0.17133
-7.377	-2.0994	-4.3603	0.16143
-7.1949	-2.108	-4.3676	0.15155
-7.0128	-2.1166	-4.3749	0.14169
-6.8306	-2.1252	-4.3823	0.13186
-6.6485	-2.1338	-4.3896	0.12206
-6.4663	-2.1424	-4.397	0.11227
-6.2842	-2.151	-4.4045	0.10252
-6.102	-2.1596	-4.4119	0.092786
-5.9199	-2.1682	-4.4194	0.083079
-5.7377	-2.1767	-4.4269	0.073396
-5.5556	-2.1853	-4.4344	0.063739
-5.3734	-2.1939	-4.442	0.054106
-5.1913	-2.2025	-4.4495	0.044499
-5.0091	-2.2111	-4.4571	0.034916
-4.827	-2.2197	-4.4648	0.025358
-4.6448	-2.2283	-4.4724	0.015825
-4.4627	-2.2369	-4.4801	0.006317
-4.2805	-2.2455	-4.4878	-0.0031658
-4.0984	-2.2541	-4.4955	-0.012624
-3.9162	-2.2627	-4.5033	-0.022056
-3.7341	-2.2713	-4.511	-0.031464
-3.5519	-2.2798	-4.5188	-0.040846
-3.3698	-2.2884	-4.5267	-0.050203
-3.1876	-2.297	-4.5345	-0.059535
-3.0055	-2.3056	-4.5424	-0.068842
-2.8233	-2.3142	-4.5503	-0.078124
-2.6412	-2.3228	-4.5582	-0.08738
-2.459	-2.3314	-4.5662	-0.096611
-2.2769	-2.34	-4.5742	-0.10582
-2.0947	-2.3486	-4.5822	-0.115
-1.9126	-2.3572	-4.5902	-0.12415
-1.7304	-2.3658	-4.5982	-0.13328
-1.5483	-2.3744	-4.6063	-0.14238
-1.3661	-2.3829	-4.6144	-0.15146
-1.184	-2.3915	-4.6225	-0.16052
-1.0018	-2.4001	-4.6307	-0.16954
-0.81967	-2.4087	-4.6389	-0.17855
-0.63752	-2.4173	-4.6471	-0.18752
-0.45537	-2.4259	-4.6553	-0.19647
-0.27322	-2.4345	-4.6636	-0.2054
-0.091075	-2.4431	-4.6719	-0.2143
0.091075	-2.4517	-4.6802	-0.22318
0.27322	-2.4603	-4.6885	-0.23202
0.45537	-2.4689	-4.6969	-0.24085
0.63752	-2.4774	-4.7052	-0.24965
0.81967	-2.486	-4.7137	-0.25842
1.0018	-2.4946	-4.7221	-0.26717
1.184	-2.5032	-4.7306	-0.27589
1.3661	-2.5118	-4.739	-0.28458
1.5483	-2.5204	-4.7476	-0.29325
1.7304	-2.529	-4.7561	-0.3019
1.9126	-2.5376	-4.7647	-0.31052
2.0947	-2.5462	-4.7732	-0.31911
2.2769	-2.5548	-4.7819	-0.32768
2.459	-2.5634	-4.7905	-0.33622
2.6412	-2.572	-4.7992	-0.34474
2.8233	-2.5805	-4.8079	-0.35323
3.0055	-2.5891	-4.8166	-0.36169
3.1876	-2.5977	-4.8253	-0.37013
3.3698	-2.6063	-4.8341	-0.37855
3.5519	-2.6149	-4.8429	-0.38694
3.7341	-2.6235	-4.8517	-0.3953
3.9162	-2.6321	-4.8605	-0.40364
4.0984	-2.6407	-4.8694	-0.41195
4.2805	-2.6493	-4.8783	-0.42024
4.4627	-2.6579	-4.8872	-0.4285
4.6448	-2.6665	-4.8962	-0.43673
4.827	-2.675	-4.9052	-0.44494
5.0091	-2.6836	-4.9142	-0.45313
5.1913	-2.6922	-4.9232	-0.46129
5.3734	-2.7008	-4.9322	-0.46942
5.5556	-2.7094	-4.9413	-0.47753
5.7377	-2.718	-4.9504	-0.48561
5.9199	-2.7266	-4.9595	-0.49367
6.102	-2.7352	-4.9687	-0.5017
6.2842	-2.7438	-4.9779	-0.50971
6.4663	-2.7524	-4.9871	-0.51769
6.6485	-2.761	-4.9963	-0.52564
6.8306	-2.7696	-5.0055	-0.53358
7.0128	-2.7781	-5.0148	-0.54148
7.1949	-2.7867	-5.0241	-0.54936
7.377	-2.7953	-5.0334	-0.55722
7.5592	-2.8039	-5.0428	-0.56505
7.7413	-2.8125	-5.0522	-0.57285
7.9235	-2.8211	-5.0616	-0.58063
8.1056	-2.8297	-5.071	-0.58838
8.2878	-2.8383	-5.0805	-0.59611
8.4699	-2.8469	-5.0899	-0.60382
8.6521	-2.8555	-5.0994	-0.61149
8.8342	-2.8641	-5.109	-0.61915
9.0164	-2.8726	-5.1185	-0.62678
9.1985	-2.8812	-5.1281	-0.63438
9.3807	-2.8898	-5.1377	-0.64196
9.5628	-2.8984	-5.1473	-0.64951
9.745	-2.907	-5.157	-0.65704
9.9271	-2.9156	-5.1667	-0.66455
10.109	-2.9242	-5.1764	-0.67203
10.291	-2.9328	-5.1861	-0.67948
10.474	-2.9414	-5.1958	-0.68691
10.656	-2.95	-5.2056	-0.69432
10.838	-2.9586	-5.2154	-0.7017
11.02	-2.9672	-5.2253	-0.70906
11.202	-2.9757	-5.2351	-0.71639
11.384	-2.9843	-5.245	-0.72369
11.566	-2.9929	-5.2549	-0.73098
11.749	-3.0015	-5.2648	-0.73824
11.931	-3.0101	-5.2748	-0.74547
12.113	-3.0187	-5.2847	-0.75268
12.295	-3.0273	-5.2947	-0.75987
12.477	-3.0359	-5.3047	-0.76703
12.659	-3.0445	-5.3148	-0.77416
12.842	-3.0531	-5.3249	-0.78128
13.024	-3.0617	-5.335	-0.78836
13.206	-3.0703	-5.3451	-0.79543
13.388	-3.0788	-5.3552	-0.80247
13.57	-3.0874	-5.3654	-0.80949
13.752	-3.096	-5.3756	-0.81648
13.934	-3.1046	-5.3858	-0.82345
14.117	-3.1132	-5.396	-0.83039
14.299	-3.1218	-5.4063	-0.83731
14.481	-3.1304	-5.4166	-0.84421
14.663	-3.139	-5.4269	-0.85109
14.845	-3.1476	-5.4372	-0.85794
15.027	-3.1562	-5.4476	-0.86476
15.209	-3.1648	-5.4579	-0.87157
15.392	-3.1733	-5.4683	-0.87835
15.574	-3.1819	-5.4788	-0.8851
15.756	-3.1905	-5.4892	-0.89184
15.938	-3.1991	-5.4997	-0.89854
16.12	-3.2077	-5.5102	-0.90523
16.302	-3.2163	-5.5207	-0.91189
16.485	-3.2249	-5.5313	-0.91854
16.667	-3.2335	-5.5418	-0.92515
16.849	-3.2421	-5.5524	-0.93175
17.031	-3.2507	-5.563	-0.93832
17.213	-3.2593	-5.5737	-0.94487
17.395	-3.2679	-5.5843	-0.95139
17.577	-3.2764	-5.595	-0.9579
17.76	-3.285	-5.6057	-0.96438
17.942	-3.2936	-5.6164	-0.97083
18.124	-3.3022	-5.6272	-0.97727
18.306	-3.3108	-5.6379	-0.98368
18.488	-3.3194	-5.6487	-0.99007
18.67	-3.328	-5.6595	-0.99644
18.852	-3.3366	-5.6704	-1.0028
19.035	-3.3452	-5.6812	-1.0091
19.217	-3.3538	-5.6921	-1.0154
19.399	-3.3624	-5.703	-1.0217
19.581	-3.3709	-5.714	-1.0279
19.763	-3.3795	-5.7249	-1.0342
19.945	-3.3881	-5.7359	-1.0404
20.128	-3.3967	-5.7469	-1.0466
20.31	-3.4053	-5.7579	-1.0528
20.492	-3.4139	-5.7689	-1.0589
20.674	-3.4225	-5.78	-1.065
20.856	-3.4311	-5.791	-1.0711
21.038	-3.4397	-5.8021	-1.0772
21.22	-3.4483	-5.8133	-1.0833
21.403	-3.4569	-5.8244	-1.0893
21.585	-3.4655	-5.8356	-1.0953
21.767	-3.474	-5.8468	-1.1013
21.949	-3.4826	-5.858	-1.1073
22.131	-3.4912	-5.8692	-1.1133
22.313	-3.4998	-5.8804	-1.1192
22.495	-3.5084	-5.8917	-1.1251
22.678	-3.517	-5.903	-1.131
22.86	-3.5256	-5.9143	-1.1369
23.042	-3.5342	-5.9256	-1.1427
23.224	-3.5428	-5.937	-1.1486
23.406	-3.5514	-5.9484	-1.1544
23.588	-3.56	-5.9598	-1.1602
23.77	-3.5686	-5.9712	-1.1659
23.953	-3.5771	-5.9826	-1.1717
24.135	-3.5857	-5.9941	-1.1774
24.317	-3.5943	-6.0055	-1.1831
24.499	-3.6029	-6.017	-1.1888
24.681	-3.6115	-6.0285	-1.1945
24.863	-3.6201	-6.0401	-1.2001
25.046	-3.6287	-6.0516	-1.2057
25.228	-3.6373	-6.0632	-1.2114
25.41	-3.6459	-6.0748	-1.2169
25.592	-3.6545	-6.0864	-1.2225
25.774	-3.6631	-6.0981	-1.2281
25.956	-3.6716	-6.1097	-1.2336
26.138	-3.6802	-6.1214	-1.2391
26.321	-3.6888	-6.1331	-1.2446
26.503	-3.6974	-6.1448	-1.2501
26.685	-3.706	-6.1565	-1.2555
26.867	-3.7146	-6.1683	-1.2609
27.049	-3.7232	-6.18	-1.2664
27.231	-3.7318	-6.1918	-1.2717
27.413	-3.7404	-6.2036	-1.2771
27.596	-3.749	-6.2155	-1.2825
27.778	-3.7576	-6.2273	-1.2878
27.96	-3.7662	-6.2392	-1.2931
28.142	-3.7747	-6.2511	-1.2984
28.324	-3.7833	-6.263	-1.3037
28.506	-3.7919	-6.2749	-1.309
28.689	-3.8005	-6.2868	-1.3142
28.871	-3.8091	-6.2988	-1.3194
29.053	-3.8177	-6.3107	-1.3247
29.235	-3.8263	-6.3227	-1.3298
29.417	-3.8349	-6.3348	-1.335
29.599	-3.8435	-6.3468	-1.3402
29.781	-3.8521	-6.3588	-1.3453
29.964	-3.8607	-6.3709	-1.3504
30.146	-3.8692	-6.383	-1.3555
30.328	-3.8778	-6.3951	-1.3606
30.51	-3.8864	-6.4072	-1.3657
30.692	-3.895	-6.4193	-1.3707
30.874	-3.9036	-6.4315	-1.3757
31.056	-3.9122	-6.4437	-1.3807
31.239	-3.9208	-6.4559	-1.3857
31.421	-3.9294	-6.4681	-1.3907
31.603	-3.938	-6.4803	-1.3957
31.785	-3.9466	-6.4925	-1.4006
31.967	-3.9552	-6.5048	-1.4055
32.149	-3.9638	-6.5171	-1.4105
32.332	-3.9723	-6.5293	-1.4153
32.514	-3.9809	-6.5417	-1.4202
32.696	-3.9895	-6.554	-1.4251
32.878	-3.9981	-6.5663	-1.4299
33.06	-4.0067	-6.5787	-1.4347
33.242	-4.0153	-6.5911	-1.4395
33.424	-4.0239	-6.6035	-1.4443
33.607	-4.0325	-6.6159	-1.4491
33.789	-4.0411	-6.6283	-1.4539
33.971	-4.0497	-6.6407	-1.4586
34.153	-4.0583	-6.6532	-1.4633
34.335	-4.0669	-6.6657	-1.468
34.517	-4.0754	-6.6782	-1.4727
34.699	-4.084	-6.6907	-1.4774
34.882	-4.0926	-6.7032	-1.4821
35.064	-4.1012	-6.7157	-1.4867
35.246	-4.1098	-6.7283	-1.4913
35.428	-4.1184	-6.7408	-1.496
35.61	-4.127	-6.7534	-1.5005
35.792	-4.1356	-6.766	-1.5051
35.974	-4.1442	-6.7786	-1.5097
36.157	-4.1528	-6.7913	-1.5142
36.339	-4.1614	-6.8039	-1.5188
36.521	-4.1699	-6.8166	-1.5233
36.703	-4.1785	-6.8293	-1.5278
36.885	-4.1871	-6.842	-1.5323
37.067	-4.1957	-6.8547	-1.5368
37.25	-4.2043	-6.8674	-1.5412
37.432	-4.2129	-6.8801	-1.5457
37.614	-4.2215	-6.8929	-1.5501
37.796	-4.2301	-6.9057	-1.5545
37.978	-4.2387	-6.9184	-1.5589
38.16	-4.2473	-6.9312	-1.5633
38.342	-4.2559	-6.944	-1.5677
38.525	-4.2645	-6.9569	-1.572
38.707	-4.273	-6.9697	-1.5764
38.889	-4.2816	-6.9826	-1.5807
39.071	-4.2902	-6.9954	-1.585
39.253	-4.2988	-7.0083	-1.5893
39.435	-4.3074	-7.0212	-1.5936
39.617	-4.316	-7.0341	-1.5979
39.8	-4.3246	-7.0471	-1.6021
39.982	-4.3332	-7.06	-1.6064
40.164	-4.3418	-7.073	-1.6106
40.346	-4.3504	-7.0859	-1.6148
40.528	-4.359	-7.0989	-1.619
40.71	-4.3675	-7.1119	-1.6232
40.893	-4.3761	-7.1249	-1.6274
41.075	-4.3847	-7.1379	-1.6315
41.257	-4.3933	-7.151	-1.6357
41.439	-4.4019	-7.164	-1.6398
41.621	-4.4105	-7.1771	-1.6439
41.803	-4.4191	-7.1902	-1.648
41.985	-4.4277	-7.2033	-1.6521
42.168	-4.4363	-7.2164	-1.6562
42.35	-4.4449	-7.2295	-1.6603
42.532	-4.4535	-7.2426	-1.6643
42.714	-4.4621	-7.2557	-1.6684
42.896	-4.4706	-7.2689	-1.6724
43.078	-4.4792	-7.2821	-1.6764
43.26	-4.4878	-7.2953	-1.6804
43.443	-4.4964	-7.3084	-1.6844
43.625	-4.505	-7.3217	-1.6884
43.807	-4.5136	-7.3349	-1.6923
43.989	-4.5222	-7.3481	-1.6963
44.171	-4.5308	-7.3613	-1.7002
44.353	-4.5394	-7.3746	-1.7041
44.536	-4.548	-7.3879	-1.7081
44.718	-4.5566	-7.4012	-1.712
44.9	-4.5651	-7.4145	-1.7158
45.082	-4.5737	-7.4278	-1.7197
45.264	-4.5823	-7.4411	-1.7236
45.446	-4.5909	-7.4544	-1.7274
45.628	-4.5995	-7.4678	-1.7313
45.811	-4.6081	-7.4811	-1.7351
45.993	-4.6167	-7.4945	-1.7389
46.175	-4.6253	-7.5079	-1.7427
46.357	-4.6339	-7.5212	-1.7465
46.539	-4.6425	-7.5346	-1.7503
46.721	-4.6511	-7.5481	-1.7541
46.903	-4.6597	-7.5615	-1.7578
47.086	-4.6682	-7.5749	-1.7616
47.268	-4.6768	-7.5884	-1.7653
47.45	-4.6854	-7.6018	-1.769
47.632	-4.694	-7.6153	-1.7727
47.814	-4.7026	-7.6288	-1.7764
47.996	-4.7112	-7.6423	-1.7801
48.179	-4.7198	-7.6558	-1.7838
48.361	-4.7284	-7.6693	-1.7875
48.543	-4.737	-7.6828	-1.7911
48.725	-4.7456	-7.6964	-1.7948
48.907	-4.7542	-7.7099	-1.7984
49.089	-4.7628	-7.7235	-1.802
49.271	-4.7713	-7.737	-1.8056
49.454	-4.7799	-7.7506	-1.8092
49.636	-4.7885	-7.7642	-1.8128
49.818	-4.7971	-7.7778	-1.8164
50	-4.8057	-7.7914	-1.82
