# Data file generated by gp_save.m
# 
15352	2852.4	1.3104	1
2857.4	414.61	22.876	1
2189.9	246.55	27.225	1
32157	4070.9	0.7818	1
4989.7	575.41	36.066	1
3108.2	329.13	68.678	1
2746	276.31	108.07	1
49089	5696.7	0.078042	1
7324.8	751.1	7.0107	1
4243	414.61	101.29	1
12165	6180.3	1.3258	1
2425.2	898.32	3.2185	1
1911.5	534.18	17.603	1
27750	8820.4	0.12458	1
4325.5	1246.7	4.9087	1
2726.3	713.13	10.17	1
2418.4	598.67	20.879	1
43438	12343	0.074231	1
6460.3	1627.4	2.4932	1
3755.8	898.32	25.558	1
5893.4	12836	0.8641	1
1605.3	1865.7	5.879	1
1389.4	1109.5	7.2574	1
18638	18319	1.2203	1
3013.7	2589.4	0.41589	1
1984.6	1481.1	2.8871	1
1789.6	1243.4	0.85389	1
31463	25635	0.47447	1
4745	3380	1.0089	1
2800.9	1865.7	2.5033	1
1309.8	60000	0.52216	1
1283.4	20730	1.9485	1
1255.2	12327	2.2954	1
1928.7	60000	0.16569	1
1669.2	28771	0.31825	1
1520.3	16457	2.3237	1
1470.3	13815	1.629	1
2609.8	60000	0.50301	1
2115	37555	1.7198	1
1838.6	20730	3.1582	1
15352	2852.4	0.15112	1
2857.4	414.61	15.94	1
2189.9	246.55	44.769	1
32157	4070.9	1.5437	1
4989.7	575.41	15.927	1
3108.2	329.13	12.843	1
2746	276.31	12.009	1
49089	5696.7	0.84856	1
7324.8	751.1	7.6676	1
4243	414.61	3.345	1
12165	6180.3	1.1554	1
2425.2	898.32	5.1391	1
1911.5	534.18	9.0359	1
27750	8820.4	0.12249	1
4325.5	1246.7	6.544	1
2726.3	713.13	0.39322	1
2418.4	598.67	1.2981	1
43438	12343	0.6716	1
6460.3	1627.4	0.33332	1
3755.8	898.32	3.6111	1
5893.4	12836	1.1547	1
1605.3	1865.7	1.4987	1
1389.4	1109.5	0.4649	1
18638	18319	0.66055	1
3013.7	2589.4	1.7919	1
1984.6	1481.1	1.6048	1
1789.6	1243.4	0.54421	1
31463	25635	0.31519	1
4745	3380	0.03753	1
2800.9	1865.7	0.13885	1
1309.8	60000	2.0426	3
1283.4	60000	0.16617	3
1255.2	60000	0.38457	3
1928.7	60000	0.91523	3
1669.2	60000	0.59723	3
1520.3	60000	2.8297	3
1470.3	60000	0.10055	3
2609.8	60000	1.3455	3
2115	60000	0.1777	3
1838.6	60000	1.2602	3
5893.4	12836	0.20344	1
1605.3	1865.7	2.9832	1
1389.4	1109.5	6.6192	1
18638	18319	0.52922	1
3013.7	2589.4	3.5825	1
1984.6	1481.1	0.01439	1
1789.6	1243.4	1.1883	1
31463	25635	1.608	1
4745	3380	1.0651	1
2800.9	1865.7	0.81798	1
1325.9	18337	0.12569	4
1337.4	18191	0.7034	4
1520.9	17792	2.2161	4
18638	18319	0.16333	4
20832	17896	1.6187	4
29242	17554	0.93993	4
37537	17367	2.4274	4
36628	19719	1.4875	4
38919	17682	1.3791	4
46217	18837	0.97792	4
1325.9	18337	0.72303	4
1337.4	18191	0.61922	4
1520.9	17792	1.0716	4
18638	18319	0.14454	4
20832	17896	0.15219	4
29242	17554	0.10626	4
37537	17367	1.2346	4
36628	19719	2.1895	4
38919	17682	1.156	4
46217	18837	0.63232	4
16082	2037.5	0.13435	4
17703	2021.2	0.80504	4
24906	1976.9	2.1505	4
34228	2035.5	0.096245	4
36394	1988.4	0.70079	4
44497	1950.4	2.0541	4
52651	1929.7	1.3867	4
52225	2191	1.4723	4
54324	1964.6	0.27402	4
61305	2093.1	1.0218	4
16082	2037.5	1.67	4
17703	2021.2	1.251	4
24906	1976.9	2.1197	4
34228	2035.5	0.30246	4
36394	1988.4	1.394	4
44497	1950.4	0.58835	4
52651	1929.7	0.0023246	4
52225	2191	1.8068	4
54324	1964.6	0.77819	4
61305	2093.1	2.0962	4
6520.5	60000	0.37269	5
6820.2	60000	2.27	5
7640	60000	8.462	5
13020	60000	1.3705	5
13830	60000	3.5959	5
17010	60000	4.251	5
20263	60000	4.8983	5
19575	60000	0.96426	5
20368	60000	0.74	5
22999	60000	5.0853	5
3986.2	60000	0.14923	5
3898.9	60000	0.58849	5
1520.9	60000	6.3158	5
7951.6	60000	0.31981	5
8473.5	60000	1.1849	5
10329	60000	0.25857	5
12000	60000	2.2296	5
11933	60000	1.3526	5
12338	60000	1.2258	5
13818	60000	4.9234	5
2865.4	60000	1.1085	5
2537.2	60000	2.477	5
1520.9	60000	29.159	5
5715.2	60000	0.24967	5
6089.9	60000	1.3461	5
7324.2	60000	1.0371	5
8411.4	60000	1.3269	5
8589.3	60000	0.73292	5
8837.8	60000	0.6176	5
9826.6	60000	0.67586	5
1309.8	60000	1.0499	3
1283.4	60000	1.1939	3
1255.2	60000	0.08675	3
1928.7	60000	0.40725	3
1669.2	60000	0.87642	3
1520.3	60000	2.6153	3
1470.3	60000	0.059583	3
2609.8	60000	0.22258	3
2115	60000	0.07975	3
1838.6	60000	1.0863	3
654.92	60000	0.70508	3
641.69	60000	1.6519	3
627.6	60000	0.29108	3
964.37	60000	0.61792	3
834.58	60000	3.9679	3
760.16	60000	2.0611	3
735.15	60000	0.75692	3
1304.9	60000	0.13842	3
1057.5	60000	1.3722	3
919.28	60000	1.7013	3
327.46	60000	1.9226	3
320.85	60000	1.4469	3
313.8	60000	1.2761	3
482.18	60000	0.27392	3
417.29	60000	0.93792	3
380.08	60000	3.2799	3
367.58	60000	1.0373	3
652.44	60000	0.27758	3
528.76	60000	1.0049	3
459.64	60000	0.54975	3
5454.4	13311	0.68511	1
1551.1	1934.8	3.4587	1
1357.9	1150.6	10.789	1
18008	18998	1.7186	1
2922	2685.3	1.3561	1
1934.5	1536	0.36856	1
1748.2	1289.4	2.3541	1
30677	26585	1.3169	1
4623.7	3505.1	0.35689	1
2734.9	1934.8	0.93956	1
2727.2	6655.7	0.24022	1
775.57	967.42	8.6298	1
678.95	575.28	14.135	1
9004	9498.9	1.7539	1
1461	1342.6	2.3119	1
967.27	767.98	8.6088	1
874.08	644.72	8.4723	1
15338	13292	0.11911	1
2311.8	1752.6	1.0724	1
1367.4	967.42	3.7791	1
1363.6	3327.9	2.288	1
387.78	483.71	14.21	1
339.48	287.64	16.97	1
4502	4749.4	1.6308	1
730.5	671.31	12.053	1
483.63	383.99	33.786	1
437.04	322.36	87.452	1
7669.2	6646.1	1.9976	1
1155.9	876.29	12.895	1
683.72	483.71	47.452	1
327.46	13311	0.342	1
320.85	1934.8	4.1378	1
313.8	1150.6	3.4171	1
482.18	18998	1.4281	1
417.29	2685.3	5.5514	1
380.08	1536	0.96078	1
367.58	1289.4	0.645	1
652.44	26585	1.058	1
528.76	3505.1	3.4956	1
459.64	1934.8	0.32356	1
