# Data file generated by gp_save.m
# 
15352
2857.4
2189.9
32157
4989.7
3108.2
2746
49089
7324.8
4243
12165
2425.2
1911.5
27750
4325.5
2726.3
2418.4
43438
6460.3
3755.8
5893.4
1605.3
1389.4
18638
3013.7
1984.6
1789.6
31463
4745
2800.9
1309.8
1283.4
1255.2
1928.7
1669.2
1520.3
1470.3
2609.8
2115
1838.6
15352
2857.4
2189.9
32157
4989.7
3108.2
2746
49089
7324.8
4243
12165
2425.2
1911.5
27750
4325.5
2726.3
2418.4
43438
6460.3
3755.8
5893.4
1605.3
1389.4
18638
3013.7
1984.6
1789.6
31463
4745
2800.9
1309.8
1283.4
1255.2
1928.7
1669.2
1520.3
1470.3
2609.8
2115
1838.6
5893.4
1605.3
1389.4
18638
3013.7
1984.6
1789.6
31463
4745
2800.9
1325.9
1337.4
1520.9
18638
20832
29242
37537
36628
38919
46217
1325.9
1337.4
1520.9
18638
20832
29242
37537
36628
38919
46217
16082
17703
24906
34228
36394
44497
52651
52225
54324
61305
16082
17703
24906
34228
36394
44497
52651
52225
54324
61305
6520.5
6820.2
7640
13020
13830
17010
20263
19575
20368
22999
3986.2
3898.9
1520.9
7951.6
8473.5
10329
12000
11933
12338
13818
2865.4
2537.2
1520.9
5715.2
6089.9
7324.2
8411.4
8589.3
8837.8
9826.6
1309.8
1283.4
1255.2
1928.7
1669.2
1520.3
1470.3
2609.8
2115
1838.6
654.92
641.69
627.6
964.37
834.58
760.16
735.15
1304.9
1057.5
919.28
327.46
320.85
313.8
482.18
417.29
380.08
367.58
652.44
528.76
459.64
5454.4
1551.1
1357.9
18008
2922
1934.5
1748.2
30677
4623.7
2734.9
2727.2
775.57
678.95
9004
1461
967.27
874.08
15338
2311.8
1367.4
1363.6
387.78
339.48
4502
730.5
483.63
437.04
7669.2
1155.9
683.72
327.46
320.85
313.8
482.18
417.29
380.08
367.58
652.44
528.76
459.64
