# Data file generated by gp_save_table.m
# pairwise differences of ratings vs NFC-HOA 27R
	"IRs"	"Med."	"1st Q"	"3rd Q."	"CI Med. low"	"CI Med. high"	"p-value (H0: = 0)"	"p-value (H0: >= 0)"	"p-value (H0: <= 0)"	"VDA"	1	2	3	4	5	6	7	8	9	10	11	12	13	14	15	16	17	18	19	20	21	
"Ref"	brs/brs_posx0.00_posy0.00_ref_corrected.wav	-0.306584	-0.538066	-0.261317	-0.537037	-0.271605	0.000001	0.000000	1.000000	0.990930	-0.545267	-0.302469	-0.271605	-0.117284	-0.405350	-0.306584	-0.283951	-0.349794	-0.230453	-0.014403	-0.588477	-0.230453	-0.541152	-0.279835	-0.279835	-0.125514	-0.537037	-0.668724	-0.606996	-0.306584	-0.438272	
"Anchor"	brs/brs_posx0.00_posy0.00_anchor_corrected.wav	0.693416	0.452675	0.738683	0.454733	0.728395	0.000001	1.000000	0.000000	1.000000	0.454733	0.695473	0.728395	0.882716	0.594650	0.693416	0.707819	0.648148	0.769547	0.985597	0.411523	0.769547	0.261317	0.720165	0.720165	0.794239	0.446502	0.300412	0.393004	0.693416	0.561728	
"WFS"	brs/brs_posx-0.50_posy0.75_circular_nls0056_dls3.00_wfs_corrected.wav	0.343621	0.175926	0.488169	0.176955	0.481481	0.000005	0.999999	0.000002	0.927438	0.290123	0.481481	0.401235	0.652263	0.172840	0.508230	0.355967	0.296296	0.567901	-0.014403	0.193416	0.403292	0.113169	0.343621	0.543210	0.660494	0.263374	-0.084362	0.176955	0.448560	0.172840	
"NFC-HOA 27R"	brs/brs_posx-0.50_posy0.75_circular_nls0056_dls3.00_nfchoa_M27_rect_corrected.wav	0.000000	0.000000	0.000000	0.000000	0.000000	1.027142	0.513571	0.513571	0.500000	0.000000	0.000000	0.000000	0.000000	0.000000	0.000000	0.000000	0.000000	0.000000	0.000000	0.000000	0.000000	0.000000	0.000000	0.000000	0.000000	0.000000	0.000000	0.000000	0.000000	0.000000	
"LWFS-VSS 1024 30"	brs/brs_posx-0.50_posy0.75_circular_nls0056_dls3.00_lwfs-vss_circular_nvs1024_dvs0.60_wfs_corrected.wav	-0.010288	-0.130144	0.150206	-0.119342	0.146091	1.000000	0.527128	0.500000	0.500000	-0.378601	0.094650	-0.030864	0.061728	-0.218107	0.162551	-0.053498	0.051440	0.302469	-0.010288	-0.119342	-0.067901	-0.092593	0.115226	0.146091	0.532922	-0.162551	-0.248971	-0.335391	0.213992	0.203704	
"LWFS-VSS 1024 45"	brs/brs_posx-0.50_posy0.75_circular_nls0056_dls3.00_lwfs-vss_circular_nvs1024_dvs0.90_wfs_corrected.wav	0.164609	-0.017490	0.221193	-0.014403	0.218107	0.014166	0.994327	0.007083	0.693878	0.100823	0.218107	0.207819	0.164609	-0.026749	0.275720	0.183128	-0.230453	0.483539	-0.014403	0.230453	0.098765	-0.045267	0.150206	0.283951	0.199588	0.014403	-0.244856	-0.096708	0.292181	0.199588	
"LWFS-SBL 1024 27M"	brs/brs_posx-0.50_posy0.75_circular_nls0056_dls3.00_lwfs-sbl_M27_max-rE_npw1024_corrected.wav	-0.267490	-0.448045	-0.203189	-0.436214	-0.203704	0.000001	0.000000	1.000000	0.946712	-0.244856	-0.201646	-0.271605	-0.117284	-0.390947	-0.267490	-0.236626	-0.283951	-0.137860	-0.008230	-0.518519	-0.185185	-0.497942	-0.240741	-0.248971	-0.203704	-0.483539	-0.565844	-0.514403	-0.306584	-0.436214	
"LWFS-SBL 1024 19R"	brs/brs_posx-0.50_posy0.75_circular_nls0056_dls3.00_lwfs-sbl_M19_rect_npw1024_corrected.wav	-0.144033	-0.412037	-0.072531	-0.407407	-0.074074	0.000426	0.000213	0.999854	0.856009	-0.320988	-0.102881	-0.144033	-0.067901	-0.376543	0.074074	-0.259259	-0.316872	-0.078189	-0.014403	-0.436214	-0.119342	-0.504115	-0.137860	-0.074074	0.417695	-0.407407	-0.689300	-0.458848	-0.063786	-0.425926	
