
# Surface 0 of 1 surfaces

# Curve title: "sprintf('fS_Rc%2.2f.dat', Rc) u 1:2:($3/1000) binary matrix"

# Contour 0, label:      2.5
-1.21823 -1.44473 2.5 
-1.21911 -1.44632 2.5 
-1.22485 -1.45669 2.5 
-1.2286 -1.46348 2.5 
-1.23058 -1.46706 2.5 
-1.23631 -1.47742 2.5 
-1.23896 -1.48224 2.5 
-1.24205 -1.48779 2.5 
-1.24777 -1.49816 2.5 

# Contour 1, label: 
-0.855351 -0.788323 2.5 
-0.858031 -0.793144 2.5 
-0.86376 -0.803512 2.5 
-0.865719 -0.807077 2.5 
-0.869497 -0.81388 2.5 
-0.875218 -0.824247 2.5 
-0.876087 -0.825831 2.5 
-0.880961 -0.834615 2.5 
-0.886455 -0.844584 2.5 
-0.886677 -0.844983 2.5 
-0.892424 -0.855351 2.5 
-0.896823 -0.86334 2.5 
-0.898146 -0.865719 2.5 
-0.903885 -0.876087 2.5 
-0.907191 -0.882095 2.5 
-0.909614 -0.886455 2.5 
-0.915345 -0.896823 2.5 
-0.917559 -0.90085 2.5 
-0.92108 -0.907191 2.5 
-0.926803 -0.917559 2.5 
-0.927926 -0.919604 2.5 
-0.932544 -0.927926 2.5 
-0.93826 -0.938294 2.5 
-0.938294 -0.938356 2.5 
-0.944007 -0.948662 2.5 
-0.948662 -0.957112 2.5 
-0.949729 -0.95903 2.5 
-0.955469 -0.969398 2.5 
-0.95903 -0.975868 2.5 
-0.961197 -0.979766 2.5 
-0.966929 -0.990134 2.5 
-0.969398 -0.994622 2.5 
-0.972663 -1.0005 2.5 
-0.978388 -1.01087 2.5 
-0.979766 -1.01338 2.5 
-0.984128 -1.02124 2.5 
-0.989846 -1.03161 2.5 
-0.990134 -1.03213 2.5 
-0.995591 -1.04197 2.5 
-1.0005 -1.05088 2.5 
-1.00131 -1.05234 2.5 
-1.00705 -1.06271 2.5 
-1.01087 -1.06964 2.5 
-1.01278 -1.07308 2.5 
-1.01851 -1.08344 2.5 
-1.02124 -1.08839 2.5 
-1.02425 -1.09381 2.5 
-1.02997 -1.10418 2.5 
-1.03161 -1.10715 2.5 
-1.03571 -1.11455 2.5 
-1.04143 -1.12492 2.5 
-1.04197 -1.1259 2.5 
-1.04718 -1.13528 2.5 
-1.05234 -1.14466 2.5 
-1.05289 -1.14565 2.5 
-1.05864 -1.15602 2.5 
-1.06271 -1.16341 2.5 
-1.06436 -1.16639 2.5 
-1.0701 -1.17676 2.5 
-1.07308 -1.18217 2.5 
-1.07583 -1.18712 2.5 
-1.08156 -1.19749 2.5 
-1.08344 -1.20092 2.5 
-1.0873 -1.20786 2.5 
-1.09302 -1.21823 2.5 
-1.09381 -1.21967 2.5 
-1.09876 -1.2286 2.5 
-1.10418 -1.23843 2.5 
-1.10448 -1.23896 2.5 
-1.11022 -1.24933 2.5 
-1.11455 -1.25718 2.5 
-1.11595 -1.2597 2.5 
-1.12168 -1.27007 2.5 
-1.12492 -1.27594 2.5 
-1.12741 -1.28043 2.5 
-1.13314 -1.2908 2.5 
-1.13528 -1.29469 2.5 
-1.13888 -1.30117 2.5 
-1.1446 -1.31154 2.5 
-1.14565 -1.31345 2.5 
-1.15034 -1.32191 2.5 
-1.15602 -1.3322 2.5 
-1.15606 -1.33227 2.5 
-1.16181 -1.34264 2.5 
-1.16639 -1.35096 2.5 
-1.16753 -1.35301 2.5 
-1.17327 -1.36338 2.5 
-1.17676 -1.36971 2.5 
-1.179 -1.37375 2.5 
-1.18473 -1.38411 2.5 
-1.18712 -1.38847 2.5 
-1.19046 -1.39448 2.5 
-1.19619 -1.40485 2.5 
-1.19749 -1.40722 2.5 
-1.20193 -1.41522 2.5 
-1.20765 -1.42559 2.5 
-1.20786 -1.42597 2.5 
-1.21339 -1.43595 2.5 
-1.21823 -1.44473 2.5 

# Contour 2, label: 
-0.492475 -0.131916 2.5 
-0.496951 -0.139967 2.5 
-0.50266 -0.150334 2.5 
-0.502843 -0.150668 2.5 
-0.508414 -0.160702 2.5 
-0.513211 -0.169424 2.5 
-0.514129 -0.17107 2.5 
-0.519875 -0.181438 2.5 
-0.523579 -0.18818 2.5 
-0.5256 -0.191806 2.5 
-0.531334 -0.202174 2.5 
-0.533947 -0.206935 2.5 
-0.537067 -0.212542 2.5 
-0.542791 -0.22291 2.5 
-0.544314 -0.225688 2.5 
-0.548533 -0.233278 2.5 
-0.554246 -0.243645 2.5 
-0.554682 -0.244441 2.5 
-0.559997 -0.254013 2.5 
-0.56505 -0.263196 2.5 
-0.565711 -0.264381 2.5 
-0.571459 -0.274749 2.5 
-0.575418 -0.281952 2.5 
-0.577182 -0.285117 2.5 
-0.582919 -0.295485 2.5 
-0.585786 -0.300707 2.5 
-0.58865 -0.305853 2.5 
-0.594377 -0.316221 2.5 
-0.596154 -0.319461 2.5 
-0.600116 -0.326589 2.5 
-0.605833 -0.336957 2.5 
-0.606522 -0.338214 2.5 
-0.61158 -0.347324 2.5 
-0.61689 -0.356968 2.5 
-0.617294 -0.357692 2.5 
-0.623042 -0.36806 2.5 
-0.627258 -0.375724 2.5 
-0.628764 -0.378428 2.5 
-0.634503 -0.388796 2.5 
-0.637625 -0.394479 2.5 
-0.640233 -0.399164 2.5 
-0.645962 -0.409532 2.5 
-0.647993 -0.413233 2.5 
-0.651699 -0.4199 2.5 
-0.657418 -0.430268 2.5 
-0.658361 -0.431987 2.5 
-0.663163 -0.440635 2.5 
-0.668729 -0.45074 2.5 
-0.668876 -0.451003 2.5 
-0.674626 -0.461371 2.5 
-0.679097 -0.469496 2.5 
-0.680346 -0.471739 2.5 
-0.686087 -0.482107 2.5 
-0.689465 -0.488252 2.5 
-0.691815 -0.492475 2.5 
-0.697546 -0.502843 2.5 
-0.699833 -0.507006 2.5 
-0.703282 -0.513211 2.5 
-0.709004 -0.523579 2.5 
-0.710201 -0.525759 2.5 
-0.714747 -0.533947 2.5 
-0.72046 -0.544314 2.5 
-0.720569 -0.544512 2.5 
-0.72621 -0.554682 2.5 
-0.730936 -0.563268 2.5 
-0.731929 -0.56505 2.5 
-0.737671 -0.575418 2.5 
-0.741304 -0.582024 2.5 
-0.743398 -0.585786 2.5 
-0.749131 -0.596154 2.5 
-0.751672 -0.600778 2.5 
-0.754865 -0.606522 2.5 
-0.760589 -0.61689 2.5 
-0.76204 -0.619532 2.5 
-0.76633 -0.627258 2.5 
-0.772046 -0.637625 2.5 
-0.772408 -0.638285 2.5 
-0.777793 -0.647993 2.5 
-0.782776 -0.65704 2.5 
-0.783512 -0.658361 2.5 
-0.789256 -0.668729 2.5 
-0.793144 -0.675796 2.5 
-0.79498 -0.679097 2.5 
-0.800716 -0.689465 2.5 
-0.803512 -0.69455 2.5 
-0.806448 -0.699833 2.5 
-0.812175 -0.710201 2.5 
-0.81388 -0.713305 2.5 
-0.817913 -0.720569 2.5 
-0.823632 -0.730936 2.5 
-0.824247 -0.732058 2.5 
-0.829377 -0.741304 2.5 
-0.834615 -0.750812 2.5 
-0.835094 -0.751672 2.5 
-0.84084 -0.76204 2.5 
-0.844983 -0.769568 2.5 
-0.846563 -0.772408 2.5 
-0.8523 -0.782776 2.5 
-0.855351 -0.788323 2.5 

# Contour 3, label: 
-0.129599 0.524492 2.5 
-0.130112 0.523579 2.5 
-0.135875 0.513211 2.5 
-0.139967 0.505734 2.5 
-0.141589 0.502843 2.5 
-0.147333 0.492475 2.5 
-0.150334 0.486979 2.5 
-0.153062 0.482107 2.5 
-0.158786 0.471739 2.5 
-0.160702 0.468225 2.5 
-0.16453 0.461371 2.5 
-0.170237 0.451003 2.5 
-0.17107 0.449473 2.5 
-0.175995 0.440635 2.5 
-0.181438 0.43072 2.5 
-0.181692 0.430268 2.5 
-0.187457 0.4199 2.5 
-0.191806 0.411963 2.5 
-0.193169 0.409532 2.5 
-0.198915 0.399164 2.5 
-0.202174 0.393207 2.5 
-0.204641 0.388796 2.5 
-0.210371 0.378428 2.5 
-0.212542 0.374453 2.5 
-0.216111 0.36806 2.5 
-0.221823 0.357692 2.5 
-0.22291 0.3557 2.5 
-0.227576 0.347324 2.5 
-0.233273 0.336957 2.5 
-0.239039 0.326589 2.5 
-0.243645 0.318191 2.5 
-0.244749 0.316221 2.5 
-0.250498 0.305853 2.5 
-0.254013 0.299435 2.5 
-0.256222 0.295485 2.5 
-0.261955 0.285117 2.5 
-0.264381 0.280681 2.5 
-0.267691 0.274749 2.5 
-0.273409 0.264381 2.5 
-0.274749 0.261927 2.5 
-0.279157 0.254013 2.5 
-0.284861 0.243645 2.5 
-0.285117 0.243176 2.5 
-0.290621 0.233278 2.5 
-0.295485 0.22442 2.5 
-0.29633 0.22291 2.5 
-0.302081 0.212542 2.5 
-0.305853 0.205663 2.5 
-0.307803 0.202174 2.5 
-0.313539 0.191806 2.5 
-0.316221 0.186908 2.5 
-0.319272 0.181438 2.5 
-0.324995 0.17107 2.5 
-0.326589 0.168155 2.5 
-0.330739 0.160702 2.5 
-0.336448 0.150334 2.5 
-0.336957 0.149402 2.5 
-0.342203 0.139967 2.5 
-0.347324 0.130648 2.5 
-0.347911 0.129599 2.5 
-0.353664 0.119231 2.5 
-0.357692 0.111891 2.5 
-0.359384 0.108863 2.5 
-0.365123 0.098495 2.5 
-0.36806 0.0931363 2.5 
-0.370854 0.0881271 2.5 
-0.37658 0.0777592 2.5 
-0.378428 0.0743823 2.5 
-0.382321 0.0673913 2.5 
-0.388034 0.0570234 2.5 
-0.388796 0.0556296 2.5 
-0.393785 0.0466555 2.5 
-0.399164 0.0368762 2.5 
-0.399493 0.0362876 2.5 
-0.405248 0.0259197 2.5 
-0.409532 0.0181197 2.5 
-0.410966 0.0155518 2.5 
-0.416707 0.00518395 2.5 
-0.4199 -0.000635825 2.5 
-0.422436 -0.00518395 2.5 
-0.428165 -0.0155518 2.5 
-0.430268 -0.0193901 2.5 
-0.433903 -0.0259197 2.5 
-0.43962 -0.0362876 2.5 
-0.440635 -0.0381432 2.5 
-0.445368 -0.0466555 2.5 
-0.451003 -0.0568956 2.5 
-0.451075 -0.0570234 2.5 
-0.456831 -0.0673913 2.5 
-0.461371 -0.0756524 2.5 
-0.462547 -0.0777592 2.5 
-0.468291 -0.0881271 2.5 
-0.471739 -0.0944079 2.5 
-0.474017 -0.098495 2.5 
-0.47975 -0.108863 2.5 
-0.482107 -0.113162 2.5 
-0.485485 -0.119231 2.5 
-0.491206 -0.129599 2.5 
-0.492475 -0.131916 2.5 

# Contour 4, label: 
0.233278 1.18088 2.5 
0.230889 1.17676 2.5 
0.22516 1.16639 2.5 
0.22291 1.16213 2.5 
0.219408 1.15602 2.5 
0.213738 1.14565 2.5 
0.212542 1.14338 2.5 
0.20794 1.13528 2.5 
0.202321 1.12492 2.5 
0.202174 1.12464 2.5 
0.196483 1.11455 2.5 
0.191806 1.10587 2.5 
0.190828 1.10418 2.5 
0.185035 1.09381 2.5 
0.181438 1.08711 2.5 
0.179335 1.08344 2.5 
0.173594 1.07308 2.5 
0.17107 1.06836 2.5 
0.167855 1.06271 2.5 
0.162159 1.05234 2.5 
0.160702 1.04961 2.5 
0.156384 1.04197 2.5 
0.15073 1.03161 2.5 
0.150334 1.03086 2.5 
0.144923 1.02124 2.5 
0.139967 1.01211 2.5 
0.139259 1.01087 2.5 
0.133469 1.0005 2.5 
0.129599 0.993345 2.5 
0.12777 0.990134 2.5 
0.122021 0.979766 2.5 
0.119231 0.97459 2.5 
0.11629 0.969398 2.5 
0.110579 0.95903 2.5 
0.108863 0.955837 2.5 
0.104819 0.948662 2.5 
0.0991415 0.938294 2.5 
0.098495 0.937088 2.5 
0.0933543 0.927926 2.5 
0.0881271 0.918335 2.5 
0.0876847 0.917559 2.5 
0.0818964 0.907191 2.5 
0.0777592 0.899576 2.5 
0.076198 0.896823 2.5 
0.0704443 0.886455 2.5 
0.0673913 0.880819 2.5 
0.0647192 0.876087 2.5 
0.0589972 0.865719 2.5 
0.0570234 0.862066 2.5 
0.0532471 0.855351 2.5 
0.0475546 0.844983 2.5 
0.0466555 0.843315 2.5 
0.0417813 0.834615 2.5 
0.0362876 0.824564 2.5 
0.0361078 0.824247 2.5 
0.030321 0.81388 2.5 
0.0259197 0.805805 2.5 
0.024623 0.803512 2.5 
0.0188658 0.793144 2.5 
0.0155518 0.787048 2.5 
0.0131448 0.782776 2.5 
0.00741515 0.772408 2.5 
0.00518395 0.768294 2.5 
0.00167249 0.76204 2.5 
-0.00403141 0.751672 2.5 
-0.00518395 0.749542 2.5 
-0.00979442 0.741304 2.5 
-0.0154741 0.730936 2.5 
-0.0155518 0.730793 2.5 
-0.0212564 0.720569 2.5 
-0.0259197 0.712034 2.5 
-0.0269542 0.710201 2.5 
-0.0327139 0.699833 2.5 
-0.0362876 0.693277 2.5 
-0.0384318 0.689465 2.5 
-0.0441672 0.679097 2.5 
-0.0466555 0.674522 2.5 
-0.0499042 0.668729 2.5 
-0.0556168 0.658361 2.5 
-0.0570234 0.65577 2.5 
-0.0613719 0.647993 2.5 
-0.0670628 0.637625 2.5 
-0.0673913 0.637019 2.5 
-0.0728352 0.627258 2.5 
-0.0777592 0.618263 2.5 
-0.0785327 0.61689 2.5 
-0.0842944 0.606522 2.5 
-0.0881271 0.599506 2.5 
-0.0900098 0.596154 2.5 
-0.0957498 0.585786 2.5 
-0.098495 0.580751 2.5 
-0.101482 0.575418 2.5 
-0.107202 0.56505 2.5 
-0.108863 0.561997 2.5 
-0.112951 0.554682 2.5 
-0.11865 0.544314 2.5 
-0.119231 0.543246 2.5 
-0.124415 0.533947 2.5 
-0.129599 0.524492 2.5 

# Contour 5, label: 
0.824247 1.1069 2.5 
0.81388 1.11218 2.5 
0.809249 1.11455 2.5 
0.803512 1.11747 2.5 
0.793144 1.12275 2.5 
0.788915 1.12492 2.5 
0.782776 1.12805 2.5 
0.772408 1.13333 2.5 
0.76858 1.13528 2.5 
0.76204 1.13862 2.5 
0.751672 1.1439 2.5 
0.748245 1.14565 2.5 
0.741304 1.1492 2.5 
0.730936 1.15447 2.5 
0.727908 1.15602 2.5 
0.720569 1.15977 2.5 
0.710201 1.16504 2.5 
0.707572 1.16639 2.5 
0.699833 1.17034 2.5 
0.689465 1.17561 2.5 
0.687234 1.17676 2.5 
0.679097 1.18092 2.5 
0.668729 1.18618 2.5 
0.666895 1.18712 2.5 
0.658361 1.19149 2.5 
0.647993 1.19675 2.5 
0.646555 1.19749 2.5 
0.637625 1.20207 2.5 
0.627258 1.20732 2.5 
0.626214 1.20786 2.5 
0.61689 1.21264 2.5 
0.606522 1.21789 2.5 
0.605871 1.21823 2.5 
0.596154 1.22322 2.5 
0.585786 1.22846 2.5 
0.585527 1.2286 2.5 
0.575418 1.23379 2.5 
0.565189 1.23896 2.5 
0.56505 1.23903 2.5 
0.554682 1.24436 2.5 
0.544866 1.24933 2.5 
0.544314 1.24961 2.5 
0.533947 1.25494 2.5 
0.524544 1.2597 2.5 
0.523579 1.26019 2.5 
0.513211 1.26551 2.5 
0.504221 1.27007 2.5 
0.502843 1.27076 2.5 
0.492475 1.27609 2.5 
0.483898 1.28043 2.5 
0.482107 1.28134 2.5 
0.471739 1.28666 2.5 
0.463576 1.2908 2.5 
0.461371 1.29192 2.5 
0.451003 1.29724 2.5 
0.443253 1.30117 2.5 
0.440635 1.30249 2.5 
0.430268 1.30781 2.5 
0.42293 1.31154 2.5 
0.4199 1.31307 2.5 
0.409532 1.31838 2.5 
0.402607 1.32191 2.5 
0.399164 1.32365 2.5 
0.388796 1.32896 2.5 
0.382285 1.33227 2.5 
0.378428 1.33423 2.5 
0.36806 1.33953 2.5 
0.361962 1.34264 2.5 
0.357692 1.34481 2.5 
0.347324 1.35011 2.5 
0.34164 1.35301 2.5 
0.336957 1.35539 2.5 
0.335203 1.35301 2.5 
0.326589 1.34919 2.5 
0.322825 1.34264 2.5 
0.317343 1.33227 2.5 
0.316221 1.33091 2.5 
0.31093 1.32191 2.5 
0.305853 1.31217 2.5 
0.30546 1.31154 2.5 
0.299516 1.30117 2.5 
0.295485 1.2934 2.5 
0.293917 1.2908 2.5 
0.288111 1.28043 2.5 
0.285117 1.27464 2.5 
0.282412 1.27007 2.5 
0.27671 1.2597 2.5 
0.274749 1.25589 2.5 
0.270933 1.24933 2.5 
0.265313 1.23896 2.5 
0.264381 1.23715 2.5 
0.259472 1.2286 2.5 
0.254013 1.21841 2.5 
0.253906 1.21823 2.5 
0.248025 1.20786 2.5 
0.243645 1.19964 2.5 
0.242387 1.19749 2.5 
0.236589 1.18712 2.5 
0.233278 1.18088 2.5 

# Contour 6, label: 
1.49816 0.763274 2.5 
1.48779 0.768569 2.5 
1.48026 0.772408 2.5 
1.47742 0.773848 2.5 
1.46706 0.779142 2.5 
1.45992 0.782776 2.5 
1.45669 0.784422 2.5 
1.44632 0.789714 2.5 
1.43959 0.793144 2.5 
1.43595 0.794995 2.5 
1.42559 0.800286 2.5 
1.41926 0.803512 2.5 
1.41522 0.805569 2.5 
1.40485 0.810858 2.5 
1.39892 0.81388 2.5 
1.39448 0.816142 2.5 
1.38411 0.82143 2.5 
1.37859 0.824247 2.5 
1.37375 0.826716 2.5 
1.36338 0.832003 2.5 
1.35826 0.834615 2.5 
1.35301 0.837289 2.5 
1.34264 0.842575 2.5 
1.33792 0.844983 2.5 
1.33227 0.847863 2.5 
1.32191 0.853146 2.5 
1.31759 0.855351 2.5 
1.31154 0.858436 2.5 
1.30117 0.863718 2.5 
1.29725 0.865719 2.5 
1.2908 0.869009 2.5 
1.28043 0.87429 2.5 
1.27692 0.876087 2.5 
1.27007 0.879583 2.5 
1.2597 0.884862 2.5 
1.25658 0.886455 2.5 
1.24933 0.890156 2.5 
1.23896 0.895434 2.5 
1.23625 0.896823 2.5 
1.2286 0.900729 2.5 
1.21823 0.906005 2.5 
1.21591 0.907191 2.5 
1.20786 0.911303 2.5 
1.19749 0.916577 2.5 
1.19557 0.917559 2.5 
1.18712 0.921876 2.5 
1.17676 0.927148 2.5 
1.17524 0.927926 2.5 
1.16639 0.932449 2.5 
1.15602 0.937719 2.5 
1.1549 0.938294 2.5 
1.14565 0.943022 2.5 
1.13528 0.94829 2.5 
1.13456 0.948662 2.5 
1.12492 0.953595 2.5 
1.11455 0.958861 2.5 
1.11422 0.95903 2.5 
1.10418 0.964168 2.5 
1.09388 0.969398 2.5 
1.09381 0.969433 2.5 
1.08344 0.974741 2.5 
1.07355 0.979766 2.5 
1.07308 0.980007 2.5 
1.06271 0.985314 2.5 
1.05322 0.990134 2.5 
1.05234 0.990581 2.5 
1.04197 0.995887 2.5 
1.03289 1.0005 2.5 
1.03161 1.00116 2.5 
1.02124 1.00646 2.5 
1.01256 1.01087 2.5 
1.01087 1.01173 2.5 
1.0005 1.01703 2.5 
0.992234 1.02124 2.5 
0.990134 1.0223 2.5 
0.979766 1.0276 2.5 
0.971904 1.03161 2.5 
0.969398 1.03288 2.5 
0.95903 1.03818 2.5 
0.951574 1.04197 2.5 
0.948662 1.04345 2.5 
0.938294 1.04875 2.5 
0.931243 1.05234 2.5 
0.927926 1.05403 2.5 
0.917559 1.05932 2.5 
0.910912 1.06271 2.5 
0.907191 1.0646 2.5 
0.896823 1.06989 2.5 
0.89058 1.07308 2.5 
0.886455 1.07518 2.5 
0.876087 1.08047 2.5 
0.870248 1.08344 2.5 
0.865719 1.08575 2.5 
0.855351 1.09104 2.5 
0.849915 1.09381 2.5 
0.844983 1.09632 2.5 
0.834615 1.10161 2.5 
0.829583 1.10418 2.5 
0.824247 1.1069 2.5 

