# Data file generated by gp_save.m
# 
NaN	NaN	NaN	NaN	NaN	NaN	NaN	NaN	NaN	NaN	NaN	NaN	-0.25	0	0	0	0.5	0	0.75	0	1	0	1.25	0	1.5	0	1.75	0
NaN	NaN	NaN	NaN	NaN	NaN	NaN	NaN	NaN	NaN	NaN	NaN	-0.34285	0.037124	-0.0686	0.07276	0.47612	0.097107	0.7414	0.09963	1.0021	0.099978	1.2595	0.099549	1.5146	0.098928	1.7682	0.098325
NaN	NaN	NaN	NaN	NaN	NaN	NaN	NaN	NaN	NaN	NaN	NaN	-0.43571	0.074249	-0.1372	0.14552	0.45224	0.19421	0.7328	0.19926	1.0042	0.19996	1.269	0.1991	1.5292	0.19786	1.7864	0.19665
NaN	NaN	NaN	NaN	NaN	NaN	NaN	NaN	NaN	NaN	NaN	NaN	-0.52856	0.11137	-0.2058	0.21828	0.42836	0.29132	0.7242	0.29889	1.0063	0.29993	1.2785	0.29865	1.5438	0.29678	1.8047	0.29498
NaN	NaN	NaN	NaN	NaN	NaN	NaN	NaN	NaN	NaN	NaN	NaN	-0.62141	0.1485	-0.2744	0.29104	0.40449	0.38843	0.7156	0.39852	1.0084	0.39991	1.2879	0.3982	1.5584	0.39571	1.8229	0.3933
NaN	NaN	NaN	NaN	NaN	NaN	NaN	NaN	NaN	NaN	NaN	NaN	-0.71427	0.18562	-0.343	0.3638	0.38061	0.48554	0.707	0.49815	1.0106	0.49989	1.2974	0.49774	1.573	0.49464	1.8411	0.49163
NaN	NaN	NaN	NaN	NaN	NaN	NaN	NaN	NaN	NaN	NaN	NaN	-0.80712	0.22275	-0.4116	0.43656	0.35673	0.58264	0.6984	0.59778	1.0127	0.59987	1.3069	0.59729	1.5876	0.59357	1.8593	0.58995
NaN	NaN	NaN	NaN	NaN	NaN	NaN	NaN	NaN	NaN	NaN	NaN	-0.89997	0.25987	-0.4802	0.50932	0.33285	0.67975	0.6898	0.69741	1.0148	0.69984	1.3164	0.69684	1.6022	0.69249	1.8776	0.68828
NaN	NaN	NaN	NaN	NaN	NaN	NaN	NaN	NaN	NaN	NaN	NaN	-0.99283	0.29699	-0.5488	0.58208	0.30897	0.77686	0.6812	0.79704	1.0169	0.79982	1.3259	0.79639	1.6168	0.79142	1.8958	0.7866
NaN	NaN	NaN	NaN	NaN	NaN	NaN	NaN	NaN	NaN	NaN	NaN	-1.0857	0.33412	-0.6174	0.65484	0.28509	0.87396	0.6726	0.89667	1.019	0.8998	1.3354	0.89594	1.6314	0.89035	1.914	0.88493
NaN	NaN	NaN	NaN	NaN	NaN	NaN	NaN	NaN	NaN	NaN	NaN	-1.1785	0.37124	-0.686	0.7276	0.26121	0.97107	0.664	0.9963	1.0211	0.99978	1.3449	0.99549	1.6461	0.98928	1.9322	0.98325
NaN	NaN	NaN	NaN	NaN	NaN	NaN	NaN	NaN	NaN	NaN	NaN	-1.2714	0.40837	-0.7546	0.80036	0.23733	1.0682	0.6554	1.0959	1.0232	1.0998	1.3544	1.095	1.6607	1.0882	1.9505	1.0816
NaN	NaN	NaN	NaN	NaN	NaN	NaN	NaN	NaN	NaN	NaN	NaN	-1.3642	0.44549	-0.8232	0.87312	0.21346	1.1653	0.6468	1.1956	1.0253	1.1997	1.3638	1.1946	1.6753	1.1871	1.9687	1.1799
NaN	NaN	NaN	NaN	NaN	NaN	NaN	NaN	NaN	NaN	NaN	NaN	-1.4571	0.48262	-0.8918	0.94588	0.18958	1.2624	0.6382	1.2952	1.0274	1.2997	1.3733	1.2941	1.6899	1.2861	1.9869	1.2782
NaN	NaN	NaN	NaN	NaN	NaN	NaN	NaN	NaN	NaN	NaN	NaN	-1.5499	0.51974	-0.9604	1.0186	0.1657	1.3595	0.6296	1.3948	1.0295	1.3997	1.3828	1.3937	1.7045	1.385	2.0051	1.3766
NaN	NaN	NaN	NaN	NaN	NaN	NaN	NaN	NaN	NaN	NaN	NaN	-1.6428	0.55686	-1.029	1.0914	0.14182	1.4566	0.621	1.4944	1.0317	1.4997	1.3923	1.4932	1.7191	1.4839	2.0234	1.4749
NaN	NaN	NaN	NaN	NaN	NaN	NaN	NaN	NaN	NaN	NaN	NaN	-1.7357	0.59399	-1.0976	1.1642	0.11794	1.5537	0.6124	1.5941	1.0338	1.5996	1.4018	1.5928	1.7337	1.5828	2.0416	1.5732
NaN	NaN	NaN	NaN	NaN	NaN	NaN	NaN	NaN	NaN	NaN	NaN	-1.8285	0.63111	-1.1662	1.2369	0.094063	1.6508	0.6038	1.6937	1.0359	1.6996	1.4113	1.6923	1.7483	1.6818	2.0598	1.6715
NaN	NaN	NaN	NaN	NaN	NaN	NaN	NaN	NaN	NaN	NaN	NaN	-1.9214	0.66824	-1.2348	1.3097	0.070184	1.7479	0.5952	1.7933	1.038	1.7996	1.4208	1.7919	1.7629	1.7807	2.078	1.7699
NaN	NaN	NaN	NaN	NaN	NaN	NaN	NaN	NaN	NaN	NaN	NaN	-2.0142	0.70536	-1.3034	1.3824	0.046306	1.845	0.5866	1.893	1.0401	1.8996	1.4303	1.8914	1.7775	1.8796	2.0963	1.8682
NaN	NaN	NaN	NaN	NaN	NaN	NaN	NaN	NaN	NaN	NaN	NaN	-2.1071	0.74249	-1.372	1.4552	0.022427	1.9421	0.578	1.9926	1.0422	1.9996	1.4397	1.991	1.7921	1.9786	2.1145	1.9665
NaN	NaN	NaN	NaN	NaN	NaN	NaN	NaN	NaN	NaN	NaN	NaN	-2.1999	0.77961	-1.4406	1.528	-0.0014514	2.0393	0.5694	2.0922	1.0443	2.0995	1.4492	2.0905	1.8067	2.0775	2.1327	2.0648
NaN	NaN	NaN	NaN	NaN	NaN	NaN	NaN	NaN	NaN	NaN	NaN	-2.2928	0.81674	-1.5092	1.6007	-0.02533	2.1364	0.5608	2.1918	1.0464	2.1995	1.4587	2.1901	1.8213	2.1764	2.1509	2.1632
NaN	NaN	NaN	NaN	NaN	NaN	NaN	NaN	NaN	NaN	NaN	NaN	-2.3856	0.85386	-1.5778	1.6735	-0.049209	2.2335	0.5522	2.2915	1.0485	2.2995	1.4682	2.2896	1.8359	2.2753	2.1692	2.2615
NaN	NaN	NaN	NaN	NaN	NaN	NaN	NaN	NaN	NaN	NaN	NaN	-2.4785	0.89098	-1.6464	1.7462	-0.073087	2.3306	0.5436	2.3911	1.0507	2.3995	1.4777	2.3892	1.8505	2.3743	2.1874	2.3598
NaN	NaN	NaN	NaN	NaN	NaN	NaN	NaN	NaN	NaN	NaN	NaN	-2.5713	0.92811	-1.715	1.819	-0.096966	2.4277	0.535	2.4907	1.0528	2.4994	1.4872	2.4887	1.8651	2.4732	2.2056	2.4581
NaN	NaN	NaN	NaN	NaN	NaN	NaN	NaN	NaN	NaN	NaN	NaN	-2.6642	0.96523	-1.7836	1.8918	-0.12084	2.5248	0.5264	2.5904	1.0549	2.5994	1.4967	2.5883	1.8797	2.5721	2.2238	2.5565
NaN	NaN	NaN	NaN	NaN	NaN	NaN	NaN	NaN	NaN	NaN	NaN	-2.757	1.0024	-1.8522	1.9645	-0.14472	2.6219	0.5178	2.69	1.057	2.6994	1.5061	2.6878	1.8943	2.671	2.2421	2.6548
NaN	NaN	NaN	NaN	NaN	NaN	NaN	NaN	NaN	NaN	NaN	NaN	-2.8499	1.0395	-1.9208	2.0373	-0.1686	2.719	0.5092	2.7896	1.0591	2.7994	1.5156	2.7874	1.9089	2.77	2.2603	2.7531
NaN	NaN	NaN	NaN	NaN	NaN	NaN	NaN	NaN	NaN	NaN	NaN	-2.9428	1.0766	-1.9894	2.11	-0.19248	2.8161	0.5006	2.8893	1.0612	2.8994	1.5251	2.8869	1.9235	2.8689	2.2785	2.8514
NaN	NaN	NaN	NaN	NaN	NaN	NaN	NaN	NaN	NaN	NaN	NaN	-3.0356	1.1137	-2.058	2.1828	-0.21636	2.9132	0.492	2.9889	1.0633	2.9993	1.5346	2.9865	1.9382	2.9678	2.2967	2.9498
NaN	NaN	NaN	NaN	NaN	NaN	NaN	NaN	NaN	NaN	NaN	NaN	-3.1285	1.1509	-2.1266	2.2556	-0.24024	3.0103	0.4834	3.0885	1.0654	3.0993	1.5441	3.086	1.9528	3.0668	2.315	3.0481
NaN	NaN	NaN	NaN	NaN	NaN	NaN	NaN	NaN	NaN	NaN	NaN	-3.2213	1.188	-2.1952	2.3283	-0.26412	3.1074	0.4748	3.1881	1.0675	3.1993	1.5536	3.1856	1.9674	3.1657	2.3332	3.1464
NaN	NaN	NaN	NaN	NaN	NaN	NaN	NaN	NaN	NaN	NaN	NaN	-3.3142	1.2251	-2.2638	2.4011	-0.288	3.2045	0.4662	3.2878	1.0697	3.2993	1.5631	3.2851	1.982	3.2646	2.3514	3.2447
NaN	NaN	NaN	NaN	NaN	NaN	NaN	NaN	NaN	NaN	NaN	NaN	-3.407	1.2622	-2.3324	2.4738	-0.31187	3.3016	0.4576	3.3874	1.0718	3.3992	1.5726	3.3847	1.9966	3.3635	2.3696	3.3431
NaN	NaN	NaN	NaN	NaN	NaN	NaN	NaN	NaN	NaN	NaN	NaN	-3.4999	1.2994	-2.401	2.5466	-0.33575	3.3988	0.449	3.487	1.0739	3.4992	1.582	3.4842	2.0112	3.4625	2.3879	3.4414
NaN	NaN	NaN	NaN	NaN	NaN	NaN	NaN	NaN	NaN	NaN	NaN	-3.5927	1.3365	-2.4696	2.6194	-0.35963	3.4959	0.4404	3.5867	1.076	3.5992	1.5915	3.5838	2.0258	3.5614	2.4061	3.5397
NaN	NaN	NaN	NaN	NaN	NaN	NaN	NaN	NaN	NaN	NaN	NaN	-3.6856	1.3736	-2.5382	2.6921	-0.38351	3.593	0.4318	3.6863	1.0781	3.6992	1.601	3.6833	2.0404	3.6603	2.4243	3.638
NaN	NaN	NaN	NaN	NaN	NaN	NaN	NaN	NaN	NaN	NaN	NaN	-3.7784	1.4107	-2.6068	2.7649	-0.40739	3.6901	0.4232	3.7859	1.0802	3.7992	1.6105	3.7829	2.055	3.7593	2.4425	3.7364
NaN	NaN	NaN	NaN	NaN	NaN	NaN	NaN	NaN	NaN	NaN	NaN	-3.8713	1.4478	-2.6754	2.8376	-0.43127	3.7872	0.4146	3.8856	1.0823	3.8991	1.62	3.8824	2.0696	3.8582	2.4607	3.8347
NaN	NaN	NaN	NaN	NaN	NaN	NaN	NaN	NaN	NaN	NaN	NaN	-3.9641	1.485	-2.744	2.9104	-0.45515	3.8843	0.406	3.9852	1.0844	3.9991	1.6295	3.982	2.0842	3.9571	2.479	3.933
NaN	NaN	NaN	NaN	NaN	NaN	NaN	NaN	NaN	NaN	NaN	NaN	-4.057	1.5221	-2.8126	2.9832	-0.47902	3.9814	0.3974	4.0848	1.0865	4.0991	1.639	4.0815	2.0988	4.056	2.4972	4.0313
NaN	NaN	NaN	NaN	NaN	NaN	NaN	NaN	NaN	NaN	NaN	NaN	-4.1498	1.5592	-2.8812	3.0559	-0.5029	4.0785	0.3888	4.1844	1.0886	4.1991	1.6484	4.1811	2.1134	4.155	2.5154	4.1297
NaN	NaN	NaN	NaN	NaN	NaN	NaN	NaN	NaN	NaN	NaN	NaN	-4.2427	1.5963	-2.9498	3.1287	-0.52678	4.1756	0.3802	4.2841	1.0908	4.299	1.6579	4.2806	2.128	4.2539	2.5336	4.228
NaN	NaN	NaN	NaN	NaN	NaN	NaN	NaN	NaN	NaN	NaN	NaN	-4.3356	1.6335	-3.0184	3.2014	-0.55066	4.2727	0.3716	4.3837	1.0929	4.399	1.6674	4.3802	2.1426	4.3528	2.5519	4.3263
NaN	NaN	NaN	NaN	NaN	NaN	NaN	NaN	NaN	NaN	NaN	NaN	-4.4284	1.6706	-3.087	3.2742	-0.57454	4.3698	0.363	4.4833	1.095	4.499	1.6769	4.4797	2.1572	4.4517	2.5701	4.4246
NaN	NaN	NaN	NaN	NaN	NaN	NaN	NaN	NaN	NaN	NaN	NaN	-4.5213	1.7077	-3.1556	3.347	-0.59842	4.4669	0.3544	4.583	1.0971	4.599	1.6864	4.5793	2.1718	4.5507	2.5883	4.523
NaN	NaN	NaN	NaN	NaN	NaN	NaN	NaN	NaN	NaN	NaN	NaN	-4.6141	1.7448	-3.2242	3.4197	-0.6223	4.564	0.3458	4.6826	1.0992	4.699	1.6959	4.6788	2.1864	4.6496	2.6065	4.6213
NaN	NaN	NaN	NaN	NaN	NaN	NaN	NaN	NaN	NaN	NaN	NaN	-4.707	1.782	-3.2928	3.4925	-0.64617	4.6611	0.3372	4.7822	1.1013	4.7989	1.7054	4.7784	2.201	4.7485	2.6248	4.7196
NaN	NaN	NaN	NaN	NaN	NaN	NaN	NaN	NaN	NaN	NaN	NaN	-4.7998	1.8191	-3.3614	3.5652	-0.67005	4.7583	0.3286	4.8818	1.1034	4.8989	1.7149	4.8779	2.2156	4.8475	2.643	4.8179
NaN	NaN	NaN	NaN	NaN	NaN	NaN	NaN	NaN	NaN	NaN	NaN	-4.8927	1.8562	-3.43	3.638	-0.69393	4.8554	0.32	4.9815	1.1055	4.9989	1.7243	4.9774	2.2303	4.9464	2.6612	4.9163
NaN	NaN	NaN	NaN	NaN	NaN	NaN	NaN	NaN	NaN	NaN	NaN	-4.9855	1.8933	-3.4986	3.7108	-0.71781	4.9525	0.3114	5.0811	1.1076	5.0989	1.7338	5.077	2.2449	5.0453	2.6794	5.0146
NaN	NaN	NaN	NaN	NaN	NaN	NaN	NaN	NaN	NaN	NaN	NaN	-5.0784	1.9305	-3.5672	3.7835	-0.74169	5.0496	0.3028	5.1807	1.1098	5.1988	1.7433	5.1765	2.2595	5.1442	2.6977	5.1129
NaN	NaN	NaN	NaN	NaN	NaN	NaN	NaN	NaN	NaN	NaN	NaN	-5.1712	1.9676	-3.6358	3.8563	-0.76557	5.1467	0.2942	5.2804	1.1119	5.2988	1.7528	5.2761	2.2741	5.2432	2.7159	5.2112
NaN	NaN	NaN	NaN	NaN	NaN	NaN	NaN	NaN	NaN	NaN	NaN	-5.2641	2.0047	-3.7044	3.929	-0.78945	5.2438	0.2856	5.38	1.114	5.3988	1.7623	5.3756	2.2887	5.3421	2.7341	5.3096
NaN	NaN	NaN	NaN	NaN	NaN	NaN	NaN	NaN	NaN	NaN	NaN	-5.3569	2.0418	-3.773	4.0018	-0.81333	5.3409	0.277	5.4796	1.1161	5.4988	1.7718	5.4752	2.3033	5.441	2.7523	5.4079
NaN	NaN	NaN	NaN	NaN	NaN	NaN	NaN	NaN	NaN	NaN	NaN	-5.4498	2.079	-3.8416	4.0746	-0.8372	5.438	0.2684	5.5793	1.1182	5.5988	1.7813	5.5747	2.3179	5.54	2.7706	5.5062
NaN	NaN	NaN	NaN	NaN	NaN	NaN	NaN	NaN	NaN	NaN	NaN	-5.5427	2.1161	-3.9102	4.1473	-0.86108	5.5351	0.2598	5.6789	1.1203	5.6987	1.7908	5.6743	2.3325	5.6389	2.7888	5.6045
NaN	NaN	NaN	NaN	NaN	NaN	NaN	NaN	NaN	NaN	NaN	NaN	-5.6355	2.1532	-3.9788	4.2201	-0.88496	5.6322	0.2512	5.7785	1.1224	5.7987	1.8002	5.7738	2.3471	5.7378	2.807	5.7029
NaN	NaN	NaN	NaN	NaN	NaN	NaN	NaN	NaN	NaN	NaN	NaN	-5.7284	2.1903	-4.0474	4.2928	-0.90884	5.7293	0.2426	5.8781	1.1245	5.8987	1.8097	5.8734	2.3617	5.8367	2.8252	5.8012
NaN	NaN	NaN	NaN	NaN	NaN	NaN	NaN	NaN	NaN	NaN	NaN	-5.8212	2.2275	-4.116	4.3656	-0.93272	5.8264	0.234	5.9778	1.1266	5.9987	1.8192	5.9729	2.3763	5.9357	2.8435	5.8995
NaN	NaN	NaN	NaN	NaN	NaN	NaN	NaN	NaN	NaN	NaN	NaN	-5.9141	2.2646	-4.1846	4.4384	-0.9566	5.9235	0.2254	6.0774	1.1288	6.0986	1.8287	6.0725	2.3909	6.0346	2.8617	5.9978
NaN	NaN	NaN	NaN	NaN	NaN	NaN	NaN	NaN	NaN	NaN	NaN	-6.0069	2.3017	-4.2532	4.5111	-0.98048	6.0206	0.2168	6.177	1.1309	6.1986	1.8382	6.172	2.4055	6.1335	2.8799	6.0962
NaN	NaN	NaN	NaN	NaN	NaN	NaN	NaN	NaN	NaN	NaN	NaN	-6.0998	2.3388	-4.3218	4.5839	-1.0044	6.1178	0.2082	6.2767	1.133	6.2986	1.8477	6.2716	2.4201	6.2324	2.8981	6.1945
NaN	NaN	NaN	NaN	NaN	NaN	NaN	NaN	NaN	NaN	NaN	NaN	-6.1926	2.376	-4.3904	4.6566	-1.0282	6.2149	0.1996	6.3763	1.1351	6.3986	1.8572	6.3711	2.4347	6.3314	2.9164	6.2928
NaN	NaN	NaN	NaN	NaN	NaN	NaN	NaN	NaN	NaN	NaN	NaN	-6.2855	2.4131	-4.459	4.7294	-1.0521	6.312	0.191	6.4759	1.1372	6.4986	1.8666	6.4707	2.4493	6.4303	2.9346	6.3911
NaN	NaN	NaN	NaN	NaN	NaN	NaN	NaN	NaN	NaN	NaN	NaN	-6.3783	2.4502	-4.5276	4.8022	-1.076	6.4091	0.1824	6.5755	1.1393	6.5985	1.8761	6.5702	2.4639	6.5292	2.9528	6.4895
NaN	NaN	NaN	NaN	NaN	NaN	NaN	NaN	NaN	NaN	NaN	NaN	-6.4712	2.4873	-4.5962	4.8749	-1.0999	6.5062	0.1738	6.6752	1.1414	6.6985	1.8856	6.6698	2.4785	6.6282	2.971	6.5878
NaN	NaN	NaN	NaN	NaN	NaN	NaN	NaN	NaN	NaN	NaN	NaN	-6.564	2.5245	-4.6648	4.9477	-1.1237	6.6033	0.1652	6.7748	1.1435	6.7985	1.8951	6.7693	2.4931	6.7271	2.9893	6.6861
NaN	NaN	NaN	NaN	NaN	NaN	NaN	NaN	NaN	NaN	NaN	NaN	-6.6569	2.5616	-4.7334	5.0205	-1.1476	6.7004	0.1566	6.8744	1.1456	6.8985	1.9046	6.8689	2.5077	6.826	3.0075	6.7844
NaN	NaN	NaN	NaN	NaN	NaN	NaN	NaN	NaN	NaN	NaN	NaN	-6.7497	2.5987	-4.802	5.0932	-1.1715	6.7975	0.148	6.9741	1.1477	6.9984	1.9141	6.9684	2.5224	6.9249	3.0257	6.8828
NaN	NaN	NaN	NaN	NaN	NaN	NaN	NaN	NaN	NaN	NaN	NaN	-6.8426	2.6358	-4.8706	5.166	-1.1954	6.8946	0.1394	7.0737	1.1499	7.0984	1.9236	7.068	2.537	7.0239	3.0439	6.9811
NaN	NaN	NaN	NaN	NaN	NaN	NaN	NaN	NaN	NaN	NaN	NaN	-6.9355	2.673	-4.9392	5.2387	-1.2193	6.9917	0.1308	7.1733	1.152	7.1984	1.9331	7.1675	2.5516	7.1228	3.0622	7.0794
NaN	NaN	NaN	NaN	NaN	NaN	NaN	NaN	NaN	NaN	NaN	NaN	-7.0283	2.7101	-5.0078	5.3115	-1.2431	7.0888	0.1222	7.273	1.1541	7.2984	1.9425	7.2671	2.5662	7.2217	3.0804	7.1778
NaN	NaN	NaN	NaN	NaN	NaN	NaN	NaN	NaN	NaN	NaN	NaN	-7.1212	2.7472	-5.0764	5.3843	-1.267	7.1859	0.1136	7.3726	1.1562	7.3984	1.952	7.3666	2.5808	7.3207	3.0986	7.2761
NaN	NaN	NaN	NaN	NaN	NaN	NaN	NaN	NaN	NaN	NaN	NaN	-7.214	2.7843	-5.145	5.457	-1.2909	7.283	0.105	7.4722	1.1583	7.4983	1.9615	7.4662	2.5954	7.4196	3.1168	7.3744
NaN	NaN	NaN	NaN	NaN	NaN	NaN	NaN	NaN	NaN	NaN	NaN	-7.3069	2.8214	-5.2136	5.5298	-1.3148	7.3801	0.0964	7.5718	1.1604	7.5983	1.971	7.5657	2.61	7.5185	3.135	7.4727
NaN	NaN	NaN	NaN	NaN	NaN	NaN	NaN	NaN	NaN	NaN	NaN	-7.3997	2.8586	-5.2822	5.6025	-1.3387	7.4773	0.0878	7.6715	1.1625	7.6983	1.9805	7.6653	2.6246	7.6174	3.1533	7.5711
NaN	NaN	NaN	NaN	NaN	NaN	NaN	NaN	NaN	NaN	NaN	NaN	-7.4926	2.8957	-5.3508	5.6753	-1.3625	7.5744	0.0792	7.7711	1.1646	7.7983	1.99	7.7648	2.6392	7.7164	3.1715	7.6694
NaN	NaN	NaN	NaN	NaN	NaN	NaN	NaN	NaN	NaN	NaN	NaN	-7.5854	2.9328	-5.4194	5.7481	-1.3864	7.6715	0.0706	7.8707	1.1667	7.8982	1.9995	7.8644	2.6538	7.8153	3.1897	7.7677
NaN	NaN	NaN	NaN	NaN	NaN	NaN	NaN	NaN	NaN	NaN	NaN	-7.6783	2.9699	-5.488	5.8208	-1.4103	7.7686	0.062	7.9704	1.1689	7.9982	2.009	7.9639	2.6684	7.9142	3.2079	7.866
NaN	NaN	NaN	NaN	NaN	NaN	NaN	NaN	NaN	NaN	NaN	NaN	-7.7711	3.0071	-5.5566	5.8936	-1.4342	7.8657	0.0534	8.07	1.171	8.0982	2.0184	8.0635	2.683	8.0131	3.2262	7.9644
NaN	NaN	NaN	NaN	NaN	NaN	NaN	NaN	NaN	NaN	NaN	NaN	-7.864	3.0442	-5.6252	5.9663	-1.458	7.9628	0.0448	8.1696	1.1731	8.1982	2.0279	8.163	2.6976	8.1121	3.2444	8.0627
NaN	NaN	NaN	NaN	NaN	NaN	NaN	NaN	NaN	NaN	NaN	NaN	-7.9568	3.0813	-5.6938	6.0391	-1.4819	8.0599	0.0362	8.2692	1.1752	8.2982	2.0374	8.2626	2.7122	8.211	3.2626	8.161
NaN	NaN	NaN	NaN	NaN	NaN	NaN	NaN	NaN	NaN	NaN	NaN	-8.0497	3.1184	-5.7624	6.1119	-1.5058	8.157	0.0276	8.3689	1.1773	8.3981	2.0469	8.3621	2.7268	8.3099	3.2808	8.2593
NaN	NaN	NaN	NaN	NaN	NaN	NaN	NaN	NaN	NaN	NaN	NaN	-8.1426	3.1556	-5.831	6.1846	-1.5297	8.2541	0.019	8.4685	1.1794	8.4981	2.0564	8.4617	2.7414	8.4089	3.2991	8.3577
NaN	NaN	NaN	NaN	NaN	NaN	NaN	NaN	NaN	NaN	NaN	NaN	-8.2354	3.1927	-5.8996	6.2574	-1.5536	8.3512	0.0104	8.5681	1.1815	8.5981	2.0659	8.5612	2.756	8.5078	3.3173	8.456
NaN	NaN	NaN	NaN	NaN	NaN	NaN	NaN	NaN	NaN	NaN	NaN	-8.3283	3.2298	-5.9682	6.3301	-1.5774	8.4483	0.0018	8.6678	1.1836	8.6981	2.0754	8.6608	2.7706	8.6067	3.3355	8.5543
NaN	NaN	NaN	NaN	NaN	NaN	NaN	NaN	NaN	NaN	NaN	NaN	-8.4211	3.2669	-6.0368	6.4029	-1.6013	8.5454	-0.0068	8.7674	1.1857	8.798	2.0848	8.7603	2.7852	8.7056	3.3537	8.6526
NaN	NaN	NaN	NaN	NaN	NaN	NaN	NaN	NaN	NaN	NaN	NaN	-8.514	3.3041	-6.1054	6.4757	-1.6252	8.6425	-0.0154	8.867	1.1879	8.898	2.0943	8.8599	2.7998	8.8046	3.372	8.751
NaN	NaN	NaN	NaN	NaN	NaN	NaN	NaN	NaN	NaN	NaN	NaN	-8.6068	3.3412	-6.174	6.5484	-1.6491	8.7396	-0.024	8.9667	1.19	8.998	2.1038	8.9594	2.8145	8.9035	3.3902	8.8493
NaN	NaN	NaN	NaN	NaN	NaN	NaN	NaN	NaN	NaN	NaN	NaN	-8.6997	3.3783	-6.2426	6.6212	-1.673	8.8368	-0.0326	9.0663	1.1921	9.098	2.1133	9.059	2.8291	9.0024	3.4084	8.9476
NaN	NaN	NaN	NaN	NaN	NaN	NaN	NaN	NaN	NaN	NaN	NaN	-8.7925	3.4154	-6.3112	6.6939	-1.6968	8.9339	-0.0412	9.1659	1.1942	9.198	2.1228	9.1585	2.8437	9.1013	3.4266	9.0459
NaN	NaN	NaN	NaN	NaN	NaN	NaN	NaN	NaN	NaN	NaN	NaN	-8.8854	3.4526	-6.3798	6.7667	-1.7207	9.031	-0.0498	9.2655	1.1963	9.2979	2.1323	9.2581	2.8583	9.2003	3.4449	9.1443
NaN	NaN	NaN	NaN	NaN	NaN	NaN	NaN	NaN	NaN	NaN	NaN	-8.9782	3.4897	-6.4484	6.8395	-1.7446	9.1281	-0.0584	9.3652	1.1984	9.3979	2.1418	9.3576	2.8729	9.2992	3.4631	9.2426
NaN	NaN	NaN	NaN	NaN	NaN	NaN	NaN	NaN	NaN	NaN	NaN	-9.0711	3.5268	-6.517	6.9122	-1.7685	9.2252	-0.067	9.4648	1.2005	9.4979	2.1513	9.4572	2.8875	9.3981	3.4813	9.3409
NaN	NaN	NaN	NaN	NaN	NaN	NaN	NaN	NaN	NaN	NaN	NaN	-9.1639	3.5639	-6.5856	6.985	-1.7923	9.3223	-0.0756	9.5644	1.2026	9.5979	2.1607	9.5567	2.9021	9.4971	3.4995	9.4392
NaN	NaN	NaN	NaN	NaN	NaN	NaN	NaN	NaN	NaN	NaN	NaN	-9.2568	3.6011	-6.6542	7.0577	-1.8162	9.4194	-0.0842	9.6641	1.2047	9.6978	2.1702	9.6563	2.9167	9.596	3.5178	9.5376
NaN	NaN	NaN	NaN	NaN	NaN	NaN	NaN	NaN	NaN	NaN	NaN	-9.3496	3.6382	-6.7228	7.1305	-1.8401	9.5165	-0.0928	9.7637	1.2068	9.7978	2.1797	9.7558	2.9313	9.6949	3.536	9.6359
NaN	NaN	NaN	NaN	NaN	NaN	NaN	NaN	NaN	NaN	NaN	NaN	-9.4425	3.6753	-6.7914	7.2033	-1.864	9.6136	-0.1014	9.8633	1.209	9.8978	2.1892	9.8553	2.9459	9.7938	3.5542	9.7342
NaN	NaN	NaN	NaN	NaN	NaN	NaN	NaN	NaN	NaN	NaN	NaN	-9.5354	3.7124	-6.86	7.276	-1.8879	9.7107	-0.11	9.963	1.2111	9.9978	2.1987	9.9549	2.9605	9.8928	3.5724	9.8325
