# Data file generated by gp_save.m
# 
-1.75	0	-1.5	0	-1.25	0	-1	0	-0.75	0	-0.5	0	-0.25	0	0	0	0.5	0	0.75	0	1	0	NaN	NaN	NaN	NaN	NaN	NaN
-1.814	0.076873	-1.5603	0.079745	-1.3052	0.083371	-1.0478	0.087812	-0.78713	0.09285	-0.52185	0.097583	-0.25139	0.09999	0.022867	0.09735	0.56759	0.073701	0.83287	0.055974	1.0936	0.03526	NaN	NaN	NaN	NaN	NaN	NaN
-1.8779	0.15375	-1.6207	0.15949	-1.3604	0.16674	-1.0957	0.17562	-0.82427	0.1857	-0.54371	0.19517	-0.25277	0.19998	0.045733	0.1947	0.63518	0.1474	0.91573	0.11195	1.1872	0.07052	NaN	NaN	NaN	NaN	NaN	NaN
-1.9419	0.23062	-1.681	0.23924	-1.4157	0.25011	-1.1435	0.26344	-0.8614	0.27855	-0.56556	0.29275	-0.25416	0.29997	0.0686	0.29205	0.70276	0.2211	0.9986	0.16792	1.2807	0.10578	NaN	NaN	NaN	NaN	NaN	NaN
-2.0058	0.30749	-1.7414	0.31898	-1.4709	0.33348	-1.1914	0.35125	-0.89853	0.3714	-0.58742	0.39033	-0.25555	0.39996	0.091467	0.3894	0.77035	0.2948	1.0815	0.2239	1.3743	0.14104	NaN	NaN	NaN	NaN	NaN	NaN
-2.0698	0.38436	-1.8017	0.39873	-1.5261	0.41686	-1.2392	0.43906	-0.93567	0.46425	-0.60927	0.48791	-0.25693	0.49995	0.11433	0.48675	0.83794	0.36851	1.1643	0.27987	1.4679	0.1763	NaN	NaN	NaN	NaN	NaN	NaN
-2.1337	0.46124	-1.862	0.47847	-1.5813	0.50023	-1.2871	0.52687	-0.9728	0.5571	-0.63113	0.5855	-0.25832	0.59994	0.1372	0.5841	0.90553	0.44221	1.2472	0.33585	1.5615	0.21156	NaN	NaN	NaN	NaN	NaN	NaN
-2.1977	0.53811	-1.9224	0.55822	-1.6365	0.5836	-1.3349	0.61468	-1.0099	0.64995	-0.65298	0.68308	-0.25971	0.69993	0.16007	0.68145	0.97312	0.51591	1.3301	0.39182	1.655	0.24682	NaN	NaN	NaN	NaN	NaN	NaN
-2.2617	0.61498	-1.9827	0.63796	-1.6918	0.66697	-1.3828	0.7025	-1.0471	0.7428	-0.67484	0.78066	-0.2611	0.79992	0.18293	0.7788	1.0407	0.58961	1.4129	0.44779	1.7486	0.28208	NaN	NaN	NaN	NaN	NaN	NaN
-2.3256	0.69185	-2.043	0.71771	-1.747	0.75034	-1.4306	0.79031	-1.0842	0.83565	-0.69669	0.87824	-0.26248	0.89991	0.2058	0.87615	1.1083	0.66331	1.4958	0.50377	1.8422	0.31734	NaN	NaN	NaN	NaN	NaN	NaN
-2.3896	0.76873	-2.1034	0.79745	-1.8022	0.83371	-1.4784	0.87812	-1.1213	0.9285	-0.71855	0.97583	-0.26387	0.9999	0.22867	0.9735	1.1759	0.73701	1.5787	0.55974	1.9358	0.3526	NaN	NaN	NaN	NaN	NaN	NaN
-2.4535	0.8456	-2.1637	0.8772	-1.8574	0.91708	-1.5263	0.96593	-1.1585	1.0213	-0.7404	1.0734	-0.26526	1.0999	0.25153	1.0709	1.2435	0.81071	1.6615	0.61572	2.0294	0.38786	NaN	NaN	NaN	NaN	NaN	NaN
-2.5175	0.92247	-2.2241	0.95694	-1.9126	1.0005	-1.5741	1.0537	-1.1956	1.1142	-0.76226	1.171	-0.26664	1.1999	0.2744	1.1682	1.3111	0.88441	1.7444	0.67169	2.1229	0.42312	NaN	NaN	NaN	NaN	NaN	NaN
-2.5814	0.99935	-2.2844	1.0367	-1.9679	1.0838	-1.622	1.1416	-1.2327	1.207	-0.78411	1.2686	-0.26803	1.2999	0.29727	1.2656	1.3786	0.95811	1.8273	0.72767	2.2165	0.45838	NaN	NaN	NaN	NaN	NaN	NaN
-2.6454	1.0762	-2.3447	1.1164	-2.0231	1.1672	-1.6698	1.2294	-1.2699	1.2999	-0.80597	1.3662	-0.26942	1.3999	0.32013	1.3629	1.4462	1.0318	1.9101	0.78364	2.3101	0.49364	NaN	NaN	NaN	NaN	NaN	NaN
-2.7094	1.1531	-2.4051	1.1962	-2.0783	1.2506	-1.7177	1.3172	-1.307	1.3927	-0.82782	1.4637	-0.2708	1.4999	0.343	1.4603	1.5138	1.1055	1.993	0.83961	2.4037	0.5289	NaN	NaN	NaN	NaN	NaN	NaN
-2.7733	1.23	-2.4654	1.2759	-2.1335	1.3339	-1.7655	1.405	-1.3441	1.4856	-0.84968	1.5613	-0.27219	1.5998	0.36587	1.5576	1.5814	1.1792	2.0759	0.89559	2.4972	0.56416	NaN	NaN	NaN	NaN	NaN	NaN
-2.8373	1.3068	-2.5258	1.3557	-2.1887	1.4173	-1.8133	1.4928	-1.3813	1.5784	-0.87153	1.6589	-0.27358	1.6998	0.38873	1.655	1.649	1.2529	2.1587	0.95156	2.5908	0.59942	NaN	NaN	NaN	NaN	NaN	NaN
-2.9012	1.3837	-2.5861	1.4354	-2.244	1.5007	-1.8612	1.5806	-1.4184	1.6713	-0.89338	1.7565	-0.27496	1.7998	0.4116	1.7523	1.7166	1.3266	2.2416	1.0075	2.6844	0.63468	NaN	NaN	NaN	NaN	NaN	NaN
-2.9652	1.4606	-2.6464	1.5152	-2.2992	1.584	-1.909	1.6684	-1.4555	1.7641	-0.91524	1.8541	-0.27635	1.8998	0.43447	1.8497	1.7842	1.4003	2.3245	1.0635	2.778	0.66994	NaN	NaN	NaN	NaN	NaN	NaN
-3.0292	1.5375	-2.7068	1.5949	-2.3544	1.6674	-1.9569	1.7562	-1.4927	1.857	-0.93709	1.9517	-0.27774	1.9998	0.45733	1.947	1.8518	1.474	2.4073	1.1195	2.8715	0.7052	NaN	NaN	NaN	NaN	NaN	NaN
-3.0931	1.6143	-2.7671	1.6746	-2.4096	1.7508	-2.0047	1.8441	-1.5298	1.9498	-0.95895	2.0492	-0.27912	2.0998	0.4802	2.0444	1.9193	1.5477	2.4902	1.1755	2.9651	0.74046	NaN	NaN	NaN	NaN	NaN	NaN
-3.1571	1.6912	-2.8274	1.7544	-2.4648	1.8342	-2.0526	1.9319	-1.5669	2.0427	-0.9808	2.1468	-0.28051	2.1998	0.50307	2.1417	1.9869	1.6214	2.5731	1.2314	3.0587	0.77572	NaN	NaN	NaN	NaN	NaN	NaN
-3.221	1.7681	-2.8878	1.8341	-2.5201	1.9175	-2.1004	2.0197	-1.6041	2.1355	-1.0027	2.2444	-0.2819	2.2998	0.52593	2.2391	2.0545	1.6951	2.6559	1.2874	3.1523	0.81098	NaN	NaN	NaN	NaN	NaN	NaN
-3.285	1.8449	-2.9481	1.9139	-2.5753	2.0009	-2.1483	2.1075	-1.6412	2.2284	-1.0245	2.342	-0.28329	2.3998	0.5488	2.3364	2.1221	1.7688	2.7388	1.3434	3.2459	0.84624	NaN	NaN	NaN	NaN	NaN	NaN
-3.3489	1.9218	-3.0085	1.9936	-2.6305	2.0843	-2.1961	2.1953	-1.6783	2.3212	-1.0464	2.4396	-0.28467	2.4998	0.57167	2.4338	2.1897	1.8425	2.8217	1.3994	3.3394	0.8815	NaN	NaN	NaN	NaN	NaN	NaN
-3.4129	1.9987	-3.0688	2.0734	-2.6857	2.1676	-2.2439	2.2831	-1.7155	2.4141	-1.0682	2.5371	-0.28606	2.5997	0.59453	2.5311	2.2573	1.9162	2.9045	1.4553	3.433	0.91676	NaN	NaN	NaN	NaN	NaN	NaN
-3.4769	2.0756	-3.1291	2.1531	-2.7409	2.251	-2.2918	2.3709	-1.7526	2.5069	-1.0901	2.6347	-0.28745	2.6997	0.6174	2.6285	2.3249	1.9899	2.9874	1.5113	3.5266	0.95202	NaN	NaN	NaN	NaN	NaN	NaN
-3.5408	2.1524	-3.1895	2.2329	-2.7962	2.3344	-2.3396	2.4587	-1.7897	2.5998	-1.1119	2.7323	-0.28883	2.7997	0.64027	2.7258	2.3925	2.0636	3.0703	1.5673	3.6202	0.98729	NaN	NaN	NaN	NaN	NaN	NaN
-3.6048	2.2293	-3.2498	2.3126	-2.8514	2.4178	-2.3875	2.5465	-1.8269	2.6926	-1.1338	2.8299	-0.29022	2.8997	0.66313	2.8232	2.4601	2.1373	3.1531	1.6233	3.7137	1.0225	NaN	NaN	NaN	NaN	NaN	NaN
-3.6687	2.3062	-3.3102	2.3924	-2.9066	2.5011	-2.4353	2.6344	-1.864	2.7855	-1.1556	2.9275	-0.29161	2.9997	0.686	2.9205	2.5276	2.211	3.236	1.6792	3.8073	1.0578	NaN	NaN	NaN	NaN	NaN	NaN
-3.7327	2.3831	-3.3705	2.4721	-2.9618	2.5845	-2.4832	2.7222	-1.9011	2.8783	-1.1775	3.0251	-0.29299	3.0997	0.70887	3.0179	2.5952	2.2847	3.3189	1.7352	3.9009	1.0931	NaN	NaN	NaN	NaN	NaN	NaN
-3.7966	2.4599	-3.4308	2.5518	-3.017	2.6679	-2.531	2.81	-1.9383	2.9712	-1.1994	3.1226	-0.29438	3.1997	0.73173	3.1152	2.6628	2.3584	3.4017	1.7912	3.9945	1.1283	NaN	NaN	NaN	NaN	NaN	NaN
-3.8606	2.5368	-3.4912	2.6316	-3.0723	2.7512	-2.5789	2.8978	-1.9754	3.064	-1.2212	3.2202	-0.29577	3.2997	0.7546	3.2126	2.7304	2.4321	3.4846	1.8471	4.0881	1.1636	NaN	NaN	NaN	NaN	NaN	NaN
-3.9246	2.6137	-3.5515	2.7113	-3.1275	2.8346	-2.6267	2.9856	-2.0125	3.1569	-1.2431	3.3178	-0.29715	3.3997	0.77747	3.3099	2.798	2.5058	3.5675	1.9031	4.1816	1.1988	NaN	NaN	NaN	NaN	NaN	NaN
-3.9885	2.6905	-3.6118	2.7911	-3.1827	2.918	-2.6745	3.0734	-2.0497	3.2497	-1.2649	3.4154	-0.29854	3.4997	0.80033	3.4073	2.8656	2.5795	3.6503	1.9591	4.2752	1.2341	NaN	NaN	NaN	NaN	NaN	NaN
-4.0525	2.7674	-3.6722	2.8708	-3.2379	3.0014	-2.7224	3.1612	-2.0868	3.3426	-1.2868	3.513	-0.29993	3.5997	0.8232	3.5046	2.9332	2.6532	3.7332	2.0151	4.3688	1.2694	NaN	NaN	NaN	NaN	NaN	NaN
-4.1164	2.8443	-3.7325	2.9506	-3.2931	3.0847	-2.7702	3.249	-2.1239	3.4354	-1.3086	3.6106	-0.30132	3.6996	0.84607	3.602	3.0008	2.7269	3.8161	2.071	4.4624	1.3046	NaN	NaN	NaN	NaN	NaN	NaN
-4.1804	2.9212	-3.7929	3.0303	-3.3484	3.1681	-2.8181	3.3369	-2.1611	3.5283	-1.3305	3.7081	-0.3027	3.7996	0.86893	3.6993	3.0683	2.8006	3.8989	2.127	4.5559	1.3399	NaN	NaN	NaN	NaN	NaN	NaN
-4.2443	2.998	-3.8532	3.1101	-3.4036	3.2515	-2.8659	3.4247	-2.1982	3.6211	-1.3523	3.8057	-0.30409	3.8996	0.8918	3.7967	3.1359	2.8743	3.9818	2.183	4.6495	1.3751	NaN	NaN	NaN	NaN	NaN	NaN
-4.3083	3.0749	-3.9135	3.1898	-3.4588	3.3348	-2.9138	3.5125	-2.2353	3.714	-1.3742	3.9033	-0.30548	3.9996	0.91467	3.894	3.2035	2.948	4.0647	2.239	4.7431	1.4104	NaN	NaN	NaN	NaN	NaN	NaN
-4.3723	3.1518	-3.9739	3.2695	-3.514	3.4182	-2.9616	3.6003	-2.2725	3.8068	-1.396	4.0009	-0.30686	4.0996	0.93753	3.9914	3.2711	3.0217	4.1475	2.2949	4.8367	1.4457	NaN	NaN	NaN	NaN	NaN	NaN
-4.4362	3.2287	-4.0342	3.3493	-3.5692	3.5016	-3.0094	3.6881	-2.3096	3.8997	-1.4179	4.0985	-0.30825	4.1996	0.9604	4.0887	3.3387	3.0954	4.2304	2.3509	4.9302	1.4809	NaN	NaN	NaN	NaN	NaN	NaN
-4.5002	3.3055	-4.0945	3.429	-3.6245	3.585	-3.0573	3.7759	-2.3467	3.9925	-1.4398	4.1961	-0.30964	4.2996	0.98327	4.1861	3.4063	3.1691	4.3133	2.4069	5.0238	1.5162	NaN	NaN	NaN	NaN	NaN	NaN
-4.5641	3.3824	-4.1549	3.5088	-3.6797	3.6683	-3.1051	3.8637	-2.3839	4.0854	-1.4616	4.2936	-0.31102	4.3996	1.0061	4.2834	3.4739	3.2429	4.3961	2.4629	5.1174	1.5514	NaN	NaN	NaN	NaN	NaN	NaN
-4.6281	3.4593	-4.2152	3.5885	-3.7349	3.7517	-3.153	3.9515	-2.421	4.1782	-1.4835	4.3912	-0.31241	4.4996	1.029	4.3808	3.5415	3.3166	4.479	2.5188	5.211	1.5867	NaN	NaN	NaN	NaN	NaN	NaN
-4.6921	3.5361	-4.2756	3.6683	-3.7901	3.8351	-3.2008	4.0394	-2.4581	4.2711	-1.5053	4.4888	-0.3138	4.5996	1.0519	4.4781	3.609	3.3903	4.5619	2.5748	5.3046	1.622	NaN	NaN	NaN	NaN	NaN	NaN
-4.756	3.613	-4.3359	3.748	-3.8454	3.9184	-3.2487	4.1272	-2.4953	4.3639	-1.5272	4.5864	-0.31518	4.6995	1.0747	4.5755	3.6766	3.464	4.6447	2.6308	5.3981	1.6572	NaN	NaN	NaN	NaN	NaN	NaN
-4.82	3.6899	-4.3962	3.8278	-3.9006	4.0018	-3.2965	4.215	-2.5324	4.4568	-1.549	4.684	-0.31657	4.7995	1.0976	4.6728	3.7442	3.5377	4.7276	2.6868	5.4917	1.6925	NaN	NaN	NaN	NaN	NaN	NaN
-4.8839	3.7668	-4.4566	3.9075	-3.9558	4.0852	-3.3444	4.3028	-2.5695	4.5496	-1.5709	4.7815	-0.31796	4.8995	1.1205	4.7702	3.8118	3.6114	4.8105	2.7427	5.5853	1.7277	NaN	NaN	NaN	NaN	NaN	NaN
-4.9479	3.8436	-4.5169	3.9873	-4.011	4.1686	-3.3922	4.3906	-2.6067	4.6425	-1.5927	4.8791	-0.31934	4.9995	1.1433	4.8675	3.8794	3.6851	4.8933	2.7987	5.6789	1.763	NaN	NaN	NaN	NaN	NaN	NaN
-5.0118	3.9205	-4.5773	4.067	-4.0662	4.2519	-3.44	4.4784	-2.6438	4.7353	-1.6146	4.9767	-0.32073	5.0995	1.1662	4.9649	3.947	3.7588	4.9762	2.8547	5.7724	1.7983	NaN	NaN	NaN	NaN	NaN	NaN
-5.0758	3.9974	-4.6376	4.1467	-4.1215	4.3353	-3.4879	4.5662	-2.6809	4.8282	-1.6364	5.0743	-0.32212	5.1995	1.1891	5.0622	4.0146	3.8325	5.0591	2.9107	5.866	1.8335	NaN	NaN	NaN	NaN	NaN	NaN
-5.1398	4.0743	-4.6979	4.2265	-4.1767	4.4187	-3.5357	4.654	-2.7181	4.921	-1.6583	5.1719	-0.32351	5.2995	1.2119	5.1596	4.0822	3.9062	5.1419	2.9666	5.9596	1.8688	NaN	NaN	NaN	NaN	NaN	NaN
-5.2037	4.1511	-4.7583	4.3062	-4.2319	4.502	-3.5836	4.7418	-2.7552	5.0139	-1.6802	5.2695	-0.32489	5.3995	1.2348	5.2569	4.1498	3.9799	5.2248	3.0226	6.0532	1.904	NaN	NaN	NaN	NaN	NaN	NaN
-5.2677	4.228	-4.8186	4.386	-4.2871	4.5854	-3.6314	4.8297	-2.7923	5.1067	-1.702	5.367	-0.32628	5.4995	1.2577	5.3543	4.2173	4.0536	5.3077	3.0786	6.1468	1.9393	NaN	NaN	NaN	NaN	NaN	NaN
-5.3316	4.3049	-4.8789	4.4657	-4.3423	4.6688	-3.6793	4.9175	-2.8295	5.1996	-1.7239	5.4646	-0.32767	5.5995	1.2805	5.4516	4.2849	4.1273	5.3905	3.1346	6.2403	1.9746	NaN	NaN	NaN	NaN	NaN	NaN
-5.3956	4.3817	-4.9393	4.5455	-4.3976	4.7521	-3.7271	5.0053	-2.8666	5.2924	-1.7457	5.5622	-0.32905	5.6995	1.3034	5.549	4.3525	4.201	5.4734	3.1905	6.3339	2.0098	NaN	NaN	NaN	NaN	NaN	NaN
-5.4595	4.4586	-4.9996	4.6252	-4.4528	4.8355	-3.775	5.0931	-2.9037	5.3853	-1.7676	5.6598	-0.33044	5.7994	1.3263	5.6463	4.4201	4.2747	5.5563	3.2465	6.4275	2.0451	NaN	NaN	NaN	NaN	NaN	NaN
-5.5235	4.5355	-5.06	4.705	-4.508	4.9189	-3.8228	5.1809	-2.9409	5.4781	-1.7894	5.7574	-0.33183	5.8994	1.3491	5.7437	4.4877	4.3484	5.6391	3.3025	6.5211	2.0804	NaN	NaN	NaN	NaN	NaN	NaN
-5.5875	4.6124	-5.1203	4.7847	-4.5632	5.0023	-3.8706	5.2687	-2.978	5.571	-1.8113	5.855	-0.33321	5.9994	1.372	5.841	4.5553	4.4221	5.722	3.3585	6.6146	2.1156	NaN	NaN	NaN	NaN	NaN	NaN
-5.6514	4.6892	-5.1806	4.8645	-4.6184	5.0856	-3.9185	5.3565	-3.0151	5.6638	-1.8331	5.9525	-0.3346	6.0994	1.3949	5.9384	4.6229	4.4958	5.8049	3.4144	6.7082	2.1509	NaN	NaN	NaN	NaN	NaN	NaN
-5.7154	4.7661	-5.241	4.9442	-4.6737	5.169	-3.9663	5.4443	-3.0523	5.7567	-1.855	6.0501	-0.33599	6.1994	1.4177	6.0357	4.6905	4.5695	5.8877	3.4704	6.8018	2.1861	NaN	NaN	NaN	NaN	NaN	NaN
-5.7793	4.843	-5.3013	5.0239	-4.7289	5.2524	-4.0142	5.5322	-3.0894	5.8495	-1.8768	6.1477	-0.33737	6.2994	1.4406	6.1331	4.758	4.6432	5.9706	3.5264	6.8954	2.2214	NaN	NaN	NaN	NaN	NaN	NaN
-5.8433	4.9199	-5.3617	5.1037	-4.7841	5.3357	-4.062	5.62	-3.1265	5.9424	-1.8987	6.2453	-0.33876	6.3994	1.4635	6.2304	4.8256	4.7169	6.0535	3.5824	6.989	2.2567	NaN	NaN	NaN	NaN	NaN	NaN
-5.9072	4.9967	-5.422	5.1834	-4.8393	5.4191	-4.1099	5.7078	-3.1637	6.0352	-1.9206	6.3429	-0.34015	6.4994	1.4863	6.3278	4.8932	4.7906	6.1363	3.6383	7.0825	2.2919	NaN	NaN	NaN	NaN	NaN	NaN
-5.9712	5.0736	-5.4823	5.2632	-4.8945	5.5025	-4.1577	5.7956	-3.2008	6.1281	-1.9424	6.4405	-0.34154	6.5994	1.5092	6.4251	4.9608	4.8643	6.2192	3.6943	7.1761	2.3272	NaN	NaN	NaN	NaN	NaN	NaN
-6.0352	5.1505	-5.5427	5.3429	-4.9498	5.5859	-4.2055	5.8834	-3.2379	6.2209	-1.9643	6.538	-0.34292	6.6994	1.5321	6.5225	5.0284	4.938	6.3021	3.7503	7.2697	2.3624	NaN	NaN	NaN	NaN	NaN	NaN
-6.0991	5.2273	-5.603	5.4227	-5.005	5.6692	-4.2534	5.9712	-3.2751	6.3138	-1.9861	6.6356	-0.34431	6.7993	1.5549	6.6198	5.096	5.0117	6.3849	3.8062	7.3633	2.3977	NaN	NaN	NaN	NaN	NaN	NaN
-6.1631	5.3042	-5.6633	5.5024	-5.0602	5.7526	-4.3012	6.059	-3.3122	6.4066	-2.008	6.7332	-0.3457	6.8993	1.5778	6.7172	5.1636	5.0854	6.4678	3.8622	7.4568	2.433	NaN	NaN	NaN	NaN	NaN	NaN
-6.227	5.3811	-5.7237	5.5822	-5.1154	5.836	-4.3491	6.1468	-3.3493	6.4995	-2.0298	6.8308	-0.34708	6.9993	1.6007	6.8145	5.2312	5.1591	6.5507	3.9182	7.5504	2.4682	NaN	NaN	NaN	NaN	NaN	NaN
-6.291	5.458	-5.784	5.6619	-5.1706	5.9193	-4.3969	6.2347	-3.3865	6.5923	-2.0517	6.9284	-0.34847	7.0993	1.6235	6.9119	5.2987	5.2328	6.6335	3.9742	7.644	2.5035	NaN	NaN	NaN	NaN	NaN	NaN
-6.355	5.5348	-5.8444	5.7416	-5.2259	6.0027	-4.4448	6.3225	-3.4236	6.6852	-2.0735	7.026	-0.34986	7.1993	1.6464	7.0092	5.3663	5.3065	6.7164	4.0301	7.7376	2.5387	NaN	NaN	NaN	NaN	NaN	NaN
-6.4189	5.6117	-5.9047	5.8214	-5.2811	6.0861	-4.4926	6.4103	-3.4607	6.778	-2.0954	7.1235	-0.35124	7.2993	1.6693	7.1066	5.4339	5.3802	6.7993	4.0861	7.8311	2.574	NaN	NaN	NaN	NaN	NaN	NaN
-6.4829	5.6886	-5.965	5.9011	-5.3363	6.1695	-4.5405	6.4981	-3.4979	6.8709	-2.1172	7.2211	-0.35263	7.3993	1.6921	7.2039	5.5015	5.4539	6.8821	4.1421	7.9247	2.6093	NaN	NaN	NaN	NaN	NaN	NaN
-6.5468	5.7655	-6.0254	5.9809	-5.3915	6.2528	-4.5883	6.5859	-3.535	6.9637	-2.1391	7.3187	-0.35402	7.4993	1.715	7.3013	5.5691	5.5276	6.965	4.1981	8.0183	2.6445	NaN	NaN	NaN	NaN	NaN	NaN
-6.6108	5.8423	-6.0857	6.0606	-5.4467	6.3362	-4.6361	6.6737	-3.5721	7.0566	-2.161	7.4163	-0.3554	7.5993	1.7379	7.3986	5.6367	5.6013	7.0479	4.254	8.1119	2.6798	NaN	NaN	NaN	NaN	NaN	NaN
-6.6747	5.9192	-6.1461	6.1404	-5.502	6.4196	-4.684	6.7615	-3.6093	7.1494	-2.1828	7.5139	-0.35679	7.6993	1.7607	7.496	5.7043	5.675	7.1307	4.31	8.2055	2.715	NaN	NaN	NaN	NaN	NaN	NaN
-6.7387	5.9961	-6.2064	6.2201	-5.5572	6.5029	-4.7318	6.8493	-3.6464	7.2423	-2.2047	7.6114	-0.35818	7.7992	1.7836	7.5933	5.7719	5.7487	7.2136	4.366	8.299	2.7503	NaN	NaN	NaN	NaN	NaN	NaN
-6.8027	6.0729	-6.2667	6.2999	-5.6124	6.5863	-4.7797	6.9371	-3.6835	7.3351	-2.2265	7.709	-0.35956	7.8992	1.8065	7.6907	5.8395	5.8224	7.2965	4.422	8.3926	2.7856	NaN	NaN	NaN	NaN	NaN	NaN
-6.8666	6.1498	-6.3271	6.3796	-5.6676	6.6697	-4.8275	7.025	-3.7207	7.428	-2.2484	7.8066	-0.36095	7.9992	1.8293	7.788	5.907	5.8961	7.3793	4.4779	8.4862	2.8208	NaN	NaN	NaN	NaN	NaN	NaN
-6.9306	6.2267	-6.3874	6.4594	-5.7228	6.7531	-4.8754	7.1128	-3.7578	7.5208	-2.2702	7.9042	-0.36234	8.0992	1.8522	7.8854	5.9746	5.9698	7.4622	4.5339	8.5798	2.8561	NaN	NaN	NaN	NaN	NaN	NaN
-6.9945	6.3036	-6.4477	6.5391	-5.7781	6.8364	-4.9232	7.2006	-3.7949	7.6137	-2.2921	8.0018	-0.36373	8.1992	1.8751	7.9827	6.0422	6.0435	7.5451	4.5899	8.6733	2.8913	NaN	NaN	NaN	NaN	NaN	NaN
-7.0585	6.3804	-6.5081	6.6188	-5.8333	6.9198	-4.9711	7.2884	-3.8321	7.7065	-2.3139	8.0994	-0.36511	8.2992	1.8979	8.0801	6.1098	6.1172	7.6279	4.6459	8.7669	2.9266	NaN	NaN	NaN	NaN	NaN	NaN
-7.1224	6.4573	-6.5684	6.6986	-5.8885	7.0032	-5.0189	7.3762	-3.8692	7.7994	-2.3358	8.1969	-0.3665	8.3992	1.9208	8.1774	6.1774	6.1909	7.7108	4.7018	8.8605	2.9619	NaN	NaN	NaN	NaN	NaN	NaN
-7.1864	6.5342	-6.6288	6.7783	-5.9437	7.0865	-5.0667	7.464	-3.9063	7.8922	-2.3576	8.2945	-0.36789	8.4992	1.9437	8.2748	6.245	6.2646	7.7937	4.7578	8.9541	2.9971	NaN	NaN	NaN	NaN	NaN	NaN
-7.2504	6.6111	-6.6891	6.8581	-5.9989	7.1699	-5.1146	7.5518	-3.9435	7.9851	-2.3795	8.3921	-0.36927	8.5992	1.9665	8.3721	6.3126	6.3383	7.8765	4.8138	9.0477	3.0324	NaN	NaN	NaN	NaN	NaN	NaN
-7.3143	6.6879	-6.7494	6.9378	-6.0542	7.2533	-5.1624	7.6396	-3.9806	8.0779	-2.4014	8.4897	-0.37066	8.6992	1.9894	8.4695	6.3802	6.412	7.9594	4.8698	9.1412	3.0676	NaN	NaN	NaN	NaN	NaN	NaN
-7.3783	6.7648	-6.8098	7.0176	-6.1094	7.3367	-5.2103	7.7275	-4.0177	8.1708	-2.4232	8.5873	-0.37205	8.7992	2.0123	8.5668	6.4477	6.4857	8.0423	4.9257	9.2348	3.1029	NaN	NaN	NaN	NaN	NaN	NaN
-7.4422	6.8417	-6.8701	7.0973	-6.1646	7.42	-5.2581	7.8153	-4.0549	8.2636	-2.4451	8.6849	-0.37343	8.8991	2.0351	8.6642	6.5153	6.5594	8.1251	4.9817	9.3284	3.1382	NaN	NaN	NaN	NaN	NaN	NaN
-7.5062	6.9185	-6.9305	7.1771	-6.2198	7.5034	-5.306	7.9031	-4.092	8.3565	-2.4669	8.7824	-0.37482	8.9991	2.058	8.7615	6.5829	6.6331	8.208	5.0377	9.422	3.1734	NaN	NaN	NaN	NaN	NaN	NaN
-7.5701	6.9954	-6.9908	7.2568	-6.275	7.5868	-5.3538	7.9909	-4.1291	8.4493	-2.4888	8.88	-0.37621	9.0991	2.0809	8.8589	6.6505	6.7068	8.2909	5.0937	9.5155	3.2087	NaN	NaN	NaN	NaN	NaN	NaN
-7.6341	7.0723	-7.0511	7.3365	-6.3303	7.6701	-5.4016	8.0787	-4.1663	8.5422	-2.5106	8.9776	-0.37759	9.1991	2.1037	8.9562	6.7181	6.7805	8.3737	5.1496	9.6091	3.2439	NaN	NaN	NaN	NaN	NaN	NaN
-7.6981	7.1492	-7.1115	7.4163	-6.3855	7.7535	-5.4495	8.1665	-4.2034	8.635	-2.5325	9.0752	-0.37898	9.2991	2.1266	9.0536	6.7857	6.8542	8.4566	5.2056	9.7027	3.2792	NaN	NaN	NaN	NaN	NaN	NaN
-7.762	7.226	-7.1718	7.496	-6.4407	7.8369	-5.4973	8.2543	-4.2405	8.7279	-2.5543	9.1728	-0.38037	9.3991	2.1495	9.1509	6.8533	6.9279	8.5395	5.2616	9.7963	3.3145	NaN	NaN	NaN	NaN	NaN	NaN
-7.826	7.3029	-7.2321	7.5758	-6.4959	7.9202	-5.5452	8.3421	-4.2777	8.8207	-2.5762	9.2704	-0.38176	9.4991	2.1723	9.2483	6.9209	7.0016	8.6223	5.3176	9.8898	3.3497	NaN	NaN	NaN	NaN	NaN	NaN
-7.8899	7.3798	-7.2925	7.6555	-6.5511	8.0036	-5.593	8.43	-4.3148	8.9136	-2.5981	9.3679	-0.38314	9.5991	2.1952	9.3456	6.9885	7.0753	8.7052	5.3735	9.9834	3.385	NaN	NaN	NaN	NaN	NaN	NaN
-7.9539	7.4567	-7.3528	7.7353	-6.6064	8.087	-5.6409	8.5178	-4.3519	9.0064	-2.6199	9.4655	-0.38453	9.6991	2.2181	9.443	7.056	7.149	8.7881	5.4295	10.077	3.4202	NaN	NaN	NaN	NaN	NaN	NaN
-8.0178	7.5335	-7.4132	7.815	-6.6616	8.1704	-5.6887	8.6056	-4.3891	9.0993	-2.6418	9.5631	-0.38592	9.7991	2.2409	9.5403	7.1236	7.2227	8.8709	5.4855	10.171	3.4555	NaN	NaN	NaN	NaN	NaN	NaN
-8.0818	7.6104	-7.4735	7.8948	-6.7168	8.2537	-5.7366	8.6934	-4.4262	9.1921	-2.6636	9.6607	-0.3873	9.899	2.2638	9.6377	7.1912	7.2964	8.9538	5.5414	10.264	3.4908	NaN	NaN	NaN	NaN	NaN	NaN
-8.1458	7.6873	-7.5338	7.9745	-6.772	8.3371	-5.7844	8.7812	-4.4633	9.285	-2.6855	9.7583	-0.38869	9.999	2.2867	9.735	7.2588	7.3701	9.0367	5.5974	10.358	3.526	NaN	NaN	NaN	NaN	NaN	NaN
