
# Surface 0 of 1 surfaces

# Curve title: "filename.'_fS.dat' binary matrix"

# Contour 0, label:    2e+03
-0.101679 -0.443144 2000 
-0.100028 -0.459866 2000 
-0.0983862 -0.476589 2000 
-0.0967516 -0.493311 2000 
-0.0951245 -0.510033 2000 
-0.0935047 -0.526756 2000 
-0.0919732 -0.542638 2000 
-0.091888 -0.543478 2000 
-0.090206 -0.560201 2000 
-0.0885319 -0.576923 2000 
-0.0868657 -0.593646 2000 
-0.0852071 -0.610368 2000 
-0.083556 -0.62709 2000 
-0.0819122 -0.643813 2000 
-0.0802755 -0.660535 2000 
-0.0786457 -0.677258 2000 
-0.0770226 -0.69398 2000 
-0.0754062 -0.710702 2000 
-0.0752508 -0.712321 2000 
-0.0737325 -0.727425 2000 
-0.0720593 -0.744147 2000 
-0.0703934 -0.76087 2000 
-0.0687345 -0.777592 2000 
-0.0670827 -0.794314 2000 
-0.0654375 -0.811037 2000 
-0.0637989 -0.827759 2000 
-0.0621668 -0.844482 2000 
-0.060541 -0.861204 2000 
-0.0589213 -0.877926 2000 
-0.0585284 -0.882008 2000 
-0.0572581 -0.894649 2000 
-0.0555858 -0.911371 2000 
-0.0539201 -0.928094 2000 
-0.0522611 -0.944816 2000 
-0.0506084 -0.961538 2000 
-0.0489621 -0.978261 2000 
-0.0473219 -0.994983 2000 
-0.0456878 -1.01171 2000 
-0.0440596 -1.02843 2000 
-0.0424372 -1.04515 2000 
-0.041806 -1.05169 2000 
-0.0407831 -1.06187 2000 
-0.0391115 -1.0786 2000 
-0.037446 -1.09532 2000 
-0.0357868 -1.11204 2000 
-0.0341335 -1.12876 2000 
-0.0324862 -1.14548 2000 
-0.0308447 -1.16221 2000 
-0.0292088 -1.17893 2000 
-0.0275785 -1.19565 2000 
-0.0259537 -1.21237 2000 
-0.0250836 -1.22137 2000 
-0.0243076 -1.2291 2000 
-0.0226365 -1.24582 2000 
-0.0209713 -1.26254 2000 
-0.0193118 -1.27926 2000 
-0.0176581 -1.29599 2000 
-0.0160098 -1.31271 2000 
-0.0143671 -1.32943 2000 
-0.0127297 -1.34615 2000 
-0.0110976 -1.36288 2000 
-0.00947061 -1.3796 2000 
-0.0083612 -1.39105 2000 
-0.0078316 -1.39632 2000 
-0.00616102 -1.41304 2000 
-0.00449599 -1.42977 2000 
-0.00283641 -1.44649 2000 
-0.00118217 -1.46321 2000 
0.000466801 -1.47993 2000 
0.00211062 -1.49666 2000 

# Contour 1, label: 
-0.593646 0.696539 2000 
-0.585977 0.69398 2000 
-0.576923 0.69093 2000 
-0.560201 0.68534 2000 
-0.543478 0.6797 2000 
-0.536159 0.677258 2000 
-0.526756 0.674093 2000 
-0.510033 0.6685 2000 
-0.493311 0.662787 2000 
-0.487117 0.660535 2000 
-0.476589 0.656702 2000 
-0.459866 0.650146 2000 
-0.444895 0.643813 2000 
-0.443144 0.643068 2000 
-0.426421 0.635535 2000 
-0.409699 0.627418 2000 
-0.409056 0.62709 2000 
-0.392977 0.618798 2000 
-0.377723 0.610368 2000 
-0.376254 0.609545 2000 
-0.359532 0.599707 2000 
-0.34983 0.593646 2000 
-0.342809 0.589184 2000 
-0.326087 0.577938 2000 
-0.324645 0.576923 2000 
-0.309365 0.565932 2000 
-0.30182 0.560201 2000 
-0.292642 0.553055 2000 
-0.280971 0.543478 2000 
-0.27592 0.539215 2000 
-0.261896 0.526756 2000 
-0.259197 0.52428 2000 
-0.244449 0.510033 2000 
-0.242475 0.508056 2000 
-0.228529 0.493311 2000 
-0.225753 0.490249 2000 
-0.214086 0.476589 2000 
-0.20903 0.470362 2000 
-0.201126 0.459866 2000 
-0.192308 0.447347 2000 
-0.191228 0.443144 2000 
-0.187624 0.426421 2000 
-0.185652 0.409699 2000 
-0.183998 0.392977 2000 
-0.182358 0.376254 2000 
-0.180731 0.359532 2000 
-0.179117 0.342809 2000 
-0.177516 0.326087 2000 
-0.175926 0.309365 2000 
-0.175585 0.305735 2000 
-0.174244 0.292642 2000 
-0.172548 0.27592 2000 
-0.170867 0.259197 2000 
-0.169198 0.242475 2000 
-0.167542 0.225753 2000 
-0.165899 0.20903 2000 
-0.164268 0.192308 2000 
-0.162647 0.175585 2000 
-0.161038 0.158863 2000 
-0.159439 0.14214 2000 
-0.158863 0.13605 2000 
-0.157777 0.125418 2000 
-0.156085 0.108696 2000 
-0.154406 0.0919732 2000 
-0.152738 0.0752508 2000 
-0.151081 0.0585284 2000 
-0.149436 0.041806 2000 
-0.1478 0.0250836 2000 
-0.146175 0.0083612 2000 
-0.14456 -0.0083612 2000 
-0.142954 -0.0250836 2000 
-0.14214 -0.0336284 2000 
-0.141307 -0.041806 2000 
-0.139619 -0.0585284 2000 
-0.137941 -0.0752508 2000 
-0.136273 -0.0919732 2000 
-0.134616 -0.108696 2000 
-0.132969 -0.125418 2000 
-0.131331 -0.14214 2000 
-0.129702 -0.158863 2000 
-0.128082 -0.175585 2000 
-0.12647 -0.192308 2000 
-0.125418 -0.203302 2000 
-0.124835 -0.20903 2000 
-0.123149 -0.225753 2000 
-0.121473 -0.242475 2000 
-0.119806 -0.259197 2000 
-0.118148 -0.27592 2000 
-0.116499 -0.292642 2000 
-0.114859 -0.309365 2000 
-0.113227 -0.326087 2000 
-0.111603 -0.342809 2000 
-0.109987 -0.359532 2000 
-0.108696 -0.372971 2000 
-0.108362 -0.376254 2000 
-0.106678 -0.392977 2000 
-0.105003 -0.409699 2000 
-0.103337 -0.426421 2000 
-0.101679 -0.443144 2000 

# Contour 2, label: 
-1.49666 0.160076 2000 
-1.48241 0.175585 2000 
-1.47993 0.178235 2000 
-1.46702 0.192308 2000 
-1.46321 0.196393 2000 
-1.45163 0.20903 2000 
-1.44649 0.214549 2000 
-1.43623 0.225753 2000 
-1.42977 0.232702 2000 
-1.42083 0.242475 2000 
-1.41304 0.250854 2000 
-1.40542 0.259197 2000 
-1.39632 0.269004 2000 
-1.39001 0.27592 2000 
-1.3796 0.287152 2000 
-1.3746 0.292642 2000 
-1.36288 0.305297 2000 
-1.35918 0.309365 2000 
-1.34615 0.32344 2000 
-1.34375 0.326087 2000 
-1.32943 0.34158 2000 
-1.32832 0.342809 2000 
-1.31289 0.359532 2000 
-1.31271 0.359722 2000 
-1.29751 0.376254 2000 
-1.29599 0.377884 2000 
-1.28213 0.392977 2000 
-1.27926 0.396045 2000 
-1.26675 0.409699 2000 
-1.26254 0.414204 2000 
-1.25136 0.426421 2000 
-1.24582 0.43236 2000 
-1.23596 0.443144 2000 
-1.2291 0.450514 2000 
-1.22056 0.459866 2000 
-1.21237 0.468665 2000 
-1.20516 0.476589 2000 
-1.19565 0.486814 2000 
-1.18974 0.493311 2000 
-1.17893 0.504961 2000 
-1.17432 0.510033 2000 
-1.16221 0.523104 2000 
-1.1589 0.526756 2000 
-1.14548 0.541245 2000 
-1.14346 0.543478 2000 
-1.12876 0.559382 2000 
-1.12802 0.560201 2000 
-1.11261 0.576923 2000 
-1.11204 0.577531 2000 
-1.09724 0.593646 2000 
-1.09532 0.595695 2000 
-1.08187 0.610368 2000 
-1.0786 0.613858 2000 
-1.06649 0.62709 2000 
-1.06187 0.632018 2000 
-1.0511 0.643813 2000 
-1.04515 0.650175 2000 
-1.03571 0.660535 2000 
-1.02843 0.668329 2000 
-1.02031 0.677258 2000 
-1.01171 0.686481 2000 
-1.0049 0.69398 2000 
-0.994983 0.704629 2000 
-0.989483 0.710702 2000 
-0.978261 0.722773 2000 
-0.974059 0.727425 2000 
-0.961538 0.740914 2000 
-0.958625 0.744147 2000 
-0.944816 0.759051 2000 
-0.943181 0.76087 2000 
-0.928094 0.777183 2000 
-0.927727 0.777592 2000 
-0.912343 0.794314 2000 
-0.911371 0.795342 2000 
-0.894649 0.797598 2000 
-0.884828 0.794314 2000 
-0.877926 0.791965 2000 
-0.861204 0.786403 2000 
-0.844482 0.78075 2000 
-0.835031 0.777592 2000 
-0.827759 0.775124 2000 
-0.811037 0.769554 2000 
-0.794314 0.763905 2000 
-0.785228 0.76087 2000 
-0.777592 0.758284 2000 
-0.76087 0.752708 2000 
-0.744147 0.747062 2000 
-0.735419 0.744147 2000 
-0.727425 0.741445 2000 
-0.710702 0.735864 2000 
-0.69398 0.73022 2000 
-0.685607 0.727425 2000 
-0.677258 0.724606 2000 
-0.660535 0.719022 2000 
-0.643813 0.713379 2000 
-0.635793 0.710702 2000 
-0.62709 0.707768 2000 
-0.610368 0.70218 2000 
-0.593646 0.696539 2000 

