# Data file generated by gp_save.m
# 
0	0	0
0.0061359	-0.0030524	-0.0019551
0.012272	-0.012212	-0.007821
0.018408	-0.027487	-0.0176
0.024544	-0.04889	-0.031296
0.03068	-0.07644	-0.048913
0.036816	-0.11016	-0.07046
0.042951	-0.15008	-0.095942
0.049087	-0.19623	-0.12537
0.055223	-0.24866	-0.15876
0.061359	-0.30741	-0.19611
0.067495	-0.37254	-0.23745
0.073631	-0.44409	-0.28279
0.079767	-0.52214	-0.33215
0.085903	-0.60677	-0.38555
0.092039	-0.69804	-0.443
0.098175	-0.79605	-0.50453
0.10431	-0.90089	-0.57017
0.11045	-1.0127	-0.63994
0.11658	-1.1315	-0.71387
0.12272	-1.2575	-0.79199
0.12885	-1.3908	-0.87433
0.13499	-1.5315	-0.96093
0.14113	-1.6799	-1.0518
0.14726	-1.836	-1.147
0.1534	-2.0001	-1.2466
0.15953	-2.1723	-1.3506
0.16567	-2.3528	-1.4591
0.17181	-2.542	-1.5721
0.17794	-2.74	-1.6896
0.18408	-2.9471	-1.8118
0.19021	-3.1636	-1.9387
0.19635	-3.3898	-2.0702
0.20249	-3.6261	-2.2066
0.20862	-3.8728	-2.3479
0.21476	-4.1304	-2.4941
0.22089	-4.3993	-2.6453
0.22703	-4.68	-2.8016
0.23317	-4.9731	-2.9631
0.2393	-5.2791	-3.1298
0.24544	-5.5987	-3.3019
0.25157	-5.9327	-3.4795
0.25771	-6.2818	-3.6627
0.26384	-6.6471	-3.8516
0.26998	-7.0294	-4.0462
0.27612	-7.4301	-4.2468
0.28225	-7.8503	-4.4535
0.28839	-8.2916	-4.6663
0.29452	-8.7557	-4.8855
0.30066	-9.2445	-5.1113
0.3068	-9.7603	-5.3437
0.31293	-10.306	-5.583
0.31907	-10.884	-5.8294
0.3252	-11.499	-6.083
0.33134	-12.155	-6.3441
0.33748	-12.857	-6.613
0.34361	-13.613	-6.8899
0.34975	-14.43	-7.175
0.35588	-15.32	-7.4687
0.36202	-16.296	-7.7712
0.36816	-17.378	-8.083
0.37429	-18.592	-8.4044
0.38043	-19.975	-8.7358
0.38656	-21.587	-9.0777
0.3927	-23.522	-9.4304
0.39884	-25.951	-9.7947
0.40497	-29.239	-10.171
0.41111	-34.412	-10.56
0.41724	-48.068	-10.962
0.42338	-39.408	-11.379
0.42951	-32.067	-11.81
0.43565	-28.245	-12.257
0.44179	-25.677	-12.722
0.44792	-23.759	-13.204
0.45406	-22.243	-13.707
0.46019	-20.999	-14.23
0.46633	-19.954	-14.777
0.47247	-19.06	-15.348
0.4786	-18.286	-15.947
0.48474	-17.609	-16.576
0.49087	-17.012	-17.238
0.49701	-16.484	-17.938
0.50315	-16.015	-18.68
0.50928	-15.597	-19.47
0.51542	-15.225	-20.315
0.52155	-14.894	-21.225
0.52769	-14.6	-22.209
0.53383	-14.339	-23.285
0.53996	-14.108	-24.473
0.5461	-13.907	-25.801
0.55223	-13.731	-27.312
0.55837	-13.581	-29.071
0.5645	-13.454	-31.189
0.57064	-13.35	-33.872
0.57678	-13.266	-37.581
0.58291	-13.204	-43.794
0.58905	-13.161	-324.21
0.59518	-13.137	-44.19
0.60132	-13.131	-38.375
0.60746	-13.144	-35.062
0.61359	-13.175	-32.777
0.61973	-13.224	-31.057
0.62586	-13.29	-29.697
0.632	-13.374	-28.585
0.63814	-13.475	-27.658
0.64427	-13.594	-26.873
0.65041	-13.731	-26.201
0.65654	-13.886	-25.621
0.66268	-14.059	-25.118
0.66882	-14.252	-24.682
0.67495	-14.464	-24.303
0.68109	-14.696	-23.974
0.68722	-14.948	-23.689
0.69336	-15.223	-23.445
0.6995	-15.52	-23.237
0.70563	-15.842	-23.063
0.71177	-16.189	-22.919
0.7179	-16.564	-22.804
0.72404	-16.968	-22.715
0.73017	-17.404	-22.652
0.73631	-17.874	-22.613
0.74245	-18.383	-22.597
0.74858	-18.934	-22.603
0.75472	-19.532	-22.631
0.76085	-20.184	-22.679
0.76699	-20.897	-22.747
0.77313	-21.682	-22.836
0.77926	-22.551	-22.944
0.7854	-23.522	-23.072
0.79153	-24.619	-23.22
0.79767	-25.876	-23.387
0.80381	-27.345	-23.574
0.80994	-29.107	-23.781
0.81608	-31.309	-24.009
0.82221	-34.242	-24.257
0.82835	-38.651	-24.528
0.83449	-47.878	-24.821
0.84062	-49.098	-25.137
0.84676	-39.216	-25.477
0.85289	-34.772	-25.844
0.85903	-31.892	-26.238
0.86517	-29.773	-26.661
0.8713	-28.107	-27.115
0.87744	-26.741	-27.603
0.88357	-25.592	-28.129
0.88971	-24.606	-28.695
0.89584	-23.747	-29.307
0.90198	-22.992	-29.97
0.90812	-22.323	-30.692
0.91425	-21.726	-31.48
0.92039	-21.191	-32.347
0.92652	-20.711	-33.307
0.93266	-20.278	-34.382
0.9388	-19.888	-35.599
0.94493	-19.537	-37.003
0.95107	-19.221	-38.656
0.9572	-18.937	-40.671
0.96334	-18.683	-43.253
0.96948	-18.457	-46.863
0.97561	-18.257	-52.979
0.98175	-18.081	-342.88
0.98788	-17.929	-53.187
0.99402	-17.798	-47.28
1.0002	-17.69	-43.878
1.0063	-17.601	-41.505
1.0124	-17.533	-39.699
1.0186	-17.484	-38.254
1.0247	-17.454	-37.06
1.0308	-17.443	-36.051
1.037	-17.449	-35.185
1.0431	-17.474	-34.434
1.0492	-17.518	-33.777
1.0554	-17.579	-33.199
1.0615	-17.658	-32.688
1.0677	-17.756	-32.235
1.0738	-17.872	-31.834
1.0799	-18.007	-31.479
1.0861	-18.161	-31.164
1.0922	-18.335	-30.888
1.0983	-18.53	-30.646
1.1045	-18.745	-30.435
1.1106	-18.983	-30.254
1.1167	-19.243	-30.101
1.1229	-19.528	-29.975
1.129	-19.838	-29.873
1.1351	-20.176	-29.795
1.1413	-20.542	-29.741
1.1474	-20.941	-29.708
1.1536	-21.373	-29.697
1.1597	-21.843	-29.708
1.1658	-22.354	-29.739
1.172	-22.912	-29.791
1.1781	-23.522	-29.863
1.1842	-24.191	-29.955
1.1904	-24.929	-30.068
1.1965	-25.748	-30.202
1.2026	-26.664	-30.356
1.2088	-27.699	-30.532
1.2149	-28.884	-30.729
1.221	-30.265	-30.949
1.2272	-31.914	-31.191
1.2333	-33.955	-31.458
1.2395	-36.625	-31.75
1.2456	-40.485	-32.068
1.2517	-47.558	-32.414
1.2579	-59.634	-32.79
1.264	-44.112	-33.198
1.2701	-38.894	-33.641
1.2763	-35.692	-34.121
1.2824	-33.389	-34.643
1.2885	-31.598	-35.21
1.2947	-30.141	-35.829
1.3008	-28.918	-36.507
1.307	-27.871	-37.253
1.3131	-26.96	-38.077
1.3192	-26.159	-38.996
1.3254	-25.447	-40.029
1.3315	-24.812	-41.206
1.3376	-24.241	-42.569
1.3438	-23.727	-44.183
1.3499	-23.262	-46.158
1.356	-22.842	-48.7
1.3622	-22.461	-52.272
1.3683	-22.117	-58.35
1.3744	-21.805	-Inf
1.3806	-21.525	-58.483
1.3867	-21.272	-52.539
1.3929	-21.047	-49.1
1.399	-20.846	-46.69
1.4051	-20.67	-44.848
1.4113	-20.516	-43.368
1.4174	-20.384	-42.138
1.4235	-20.272	-41.094
1.4297	-20.181	-40.194
1.4358	-20.11	-39.409
1.4419	-20.057	-38.718
1.4481	-20.024	-38.106
1.4542	-20.009	-37.562
1.4603	-20.012	-37.076
1.4665	-20.034	-36.642
1.4726	-20.074	-36.255
1.4788	-20.132	-35.908
1.4849	-20.209	-35.6
1.491	-20.304	-35.326
1.4972	-20.418	-35.085
1.5033	-20.551	-34.873
1.5094	-20.704	-34.689
1.5156	-20.878	-34.532
1.5217	-21.072	-34.401
1.5278	-21.288	-34.293
1.534	-21.527	-34.209
1.5401	-21.79	-34.147
1.5463	-22.079	-34.107
1.5524	-22.394	-34.089
1.5585	-22.738	-34.091
1.5647	-23.113	-34.115
1.5708	-23.522	-34.159
1.5769	-23.967	-34.223
1.5831	-24.453	-34.309
1.5892	-24.983	-34.415
1.5953	-25.565	-34.542
1.6015	-26.203	-34.691
1.6076	-26.908	-34.861
1.6137	-27.691	-35.054
1.6199	-28.565	-35.271
1.626	-29.553	-35.511
1.6322	-30.681	-35.777
1.6383	-31.99	-36.069
1.6444	-33.545	-36.39
1.6506	-35.452	-36.741
1.6567	-37.906	-37.124
1.6628	-41.342	-37.541
1.669	-47.102	-37.996
1.6751	-71.205	-38.493
1.6812	-48.309	-39.037
1.6874	-42.016	-39.632
1.6935	-38.433	-40.286
1.6997	-35.93	-41.007
1.7058	-34.013	-41.808
1.7119	-32.466	-42.703
1.7181	-31.176	-43.713
1.7242	-30.075	-44.867
1.7303	-29.119	-46.206
1.7365	-28.278	-47.797
1.7426	-27.533	-49.75
1.7487	-26.866	-52.27
1.7549	-26.268	-55.819
1.761	-25.727	-61.874
1.7671	-25.238	-Inf
1.7733	-24.795	-61.963
1.7794	-24.393	-55.997
1.7856	-24.028	-52.536
1.7917	-23.697	-50.105
1.7978	-23.397	-48.242
1.804	-23.126	-46.74
1.8101	-22.883	-45.489
1.8162	-22.665	-44.424
1.8224	-22.471	-43.504
1.8285	-22.3	-42.698
1.8346	-22.152	-41.986
1.8408	-22.024	-41.353
1.8469	-21.917	-40.789
1.853	-21.83	-40.283
1.8592	-21.762	-39.829
1.8653	-21.713	-39.421
1.8715	-21.683	-39.055
1.8776	-21.671	-38.727
1.8837	-21.677	-38.433
1.8899	-21.702	-38.172
1.896	-21.745	-37.941
1.9021	-21.807	-37.738
1.9083	-21.887	-37.562
1.9144	-21.986	-37.411
1.9205	-22.104	-37.285
1.9267	-22.242	-37.181
1.9328	-22.4	-37.101
1.939	-22.579	-37.042
1.9451	-22.78	-37.005
1.9512	-23.003	-36.989
1.9574	-23.25	-36.994
1.9635	-23.522	-37.02
1.9696	-23.82	-37.067
1.9758	-24.147	-37.134
1.9819	-24.504	-37.222
1.988	-24.894	-37.331
1.9942	-25.32	-37.462
2.0003	-25.785	-37.615
2.0064	-26.294	-37.79
2.0126	-26.852	-37.989
2.0187	-27.465	-38.212
2.0249	-28.142	-38.461
2.031	-28.894	-38.736
2.0371	-29.733	-39.04
2.0433	-30.679	-39.373
2.0494	-31.757	-39.739
2.0555	-33.005	-40.139
2.0617	-34.477	-40.578
2.0678	-36.267	-41.058
2.0739	-38.538	-41.585
2.0801	-41.635	-42.163
2.0862	-46.5	-42.801
2.0923	-58.551	-43.506
2.0985	-52.547	-44.29
2.1046	-44.611	-45.169
2.1108	-40.557	-46.163
2.1169	-37.825	-47.3
2.123	-35.771	-48.624
2.1292	-34.131	-50.199
2.1353	-32.772	-52.135
2.1414	-31.617	-54.639
2.1476	-30.617	-58.173
2.1537	-29.74	-64.212
2.1598	-28.963	-336.66
2.166	-28.268	-64.27
2.1721	-27.644	-58.288
2.1783	-27.081	-54.812
2.1844	-26.571	-52.366
2.1905	-26.108	-50.487
2.1967	-25.687	-48.97
2.2028	-25.305	-47.704
2.2089	-24.957	-46.624
2.2151	-24.641	-45.688
2.2212	-24.355	-44.867
2.2273	-24.096	-44.141
2.2335	-23.864	-43.493
2.2396	-23.656	-42.914
2.2457	-23.471	-42.393
2.2519	-23.309	-41.924
2.258	-23.168	-41.502
2.2642	-23.048	-41.121
2.2703	-22.948	-40.779
2.2764	-22.867	-40.471
2.2826	-22.806	-40.195
2.2887	-22.763	-39.95
2.2948	-22.739	-39.733
2.301	-22.733	-39.542
2.3071	-22.745	-39.377
2.3132	-22.776	-39.236
2.3194	-22.825	-39.119
2.3255	-22.893	-39.024
2.3317	-22.98	-38.952
2.3378	-23.085	-38.901
2.3439	-23.211	-38.871
2.3501	-23.356	-38.862
2.3562	-23.522	-38.874
2.3623	-23.709	-38.907
2.3685	-23.919	-38.96
2.3746	-24.152	-39.035
2.3807	-24.41	-39.13
2.3869	-24.694	-39.248
2.393	-25.006	-39.387
2.3991	-25.348	-39.549
2.4053	-25.722	-39.734
2.4114	-26.131	-39.944
2.4176	-26.578	-40.179
2.4237	-27.068	-40.441
2.4298	-27.605	-40.731
2.436	-28.196	-41.052
2.4421	-28.848	-41.404
2.4482	-29.571	-41.792
2.4544	-30.379	-42.217
2.4605	-31.287	-42.684
2.4666	-32.32	-43.198
2.4728	-33.511	-43.763
2.4789	-34.91	-44.388
2.485	-36.596	-45.08
2.4912	-38.709	-45.851
2.4973	-41.526	-46.717
2.5035	-45.739	-47.698
2.5096	-54.26	-48.823
2.5157	-57.79	-50.134
2.5219	-46.923	-51.696
2.528	-42.261	-53.62
2.5341	-39.262	-56.111
2.5403	-37.055	-59.633
2.5464	-35.314	-65.659
2.5525	-33.883	-347.93
2.5587	-32.673	-65.692
2.5648	-31.629	-59.698
2.571	-30.715	-56.21
2.5771	-29.906	-53.751
2.5832	-29.184	-51.86
2.5894	-28.536	-50.33
2.5955	-27.951	-49.052
2.6016	-27.421	-47.96
2.6078	-26.939	-47.012
2.6139	-26.501	-46.178
2.62	-26.102	-45.44
2.6262	-25.739	-44.78
2.6323	-25.408	-44.188
2.6384	-25.108	-43.656
2.6446	-24.836	-43.175
2.6507	-24.591	-42.741
2.6569	-24.37	-42.348
2.663	-24.173	-41.993
2.6691	-23.998	-41.673
2.6753	-23.846	-41.386
2.6814	-23.714	-41.128
2.6875	-23.602	-40.899
2.6937	-23.51	-40.697
2.6998	-23.437	-40.52
2.7059	-23.383	-40.368
2.7121	-23.348	-40.239
2.7182	-23.331	-40.132
2.7243	-23.332	-40.048
2.7305	-23.352	-39.985
2.7366	-23.39	-39.944
2.7428	-23.446	-39.923
2.7489	-23.522	-39.924
2.755	-23.616	-39.945
2.7612	-23.73	-39.987
2.7673	-23.864	-40.05
2.7734	-24.018	-40.134
2.7796	-24.194	-40.239
2.7857	-24.391	-40.367
2.7918	-24.612	-40.518
2.798	-24.857	-40.692
2.8041	-25.128	-40.89
2.8103	-25.426	-41.114
2.8164	-25.754	-41.364
2.8225	-26.113	-41.643
2.8287	-26.506	-41.952
2.8348	-26.937	-42.293
2.8409	-27.409	-42.669
2.8471	-27.927	-43.083
2.8532	-28.497	-43.539
2.8593	-29.126	-44.042
2.8655	-29.823	-44.596
2.8716	-30.601	-45.209
2.8777	-31.474	-45.89
2.8839	-32.465	-46.65
2.89	-33.604	-47.505
2.8962	-34.935	-48.475
2.9023	-36.529	-49.588
2.9084	-38.503	-50.888
2.9146	-41.085	-52.439
2.9207	-44.799	-54.352
2.9268	-51.458	-56.832
2.933	-67.717	-60.342
2.9391	-49.135	-66.358
2.9452	-43.654	-Inf
2.9514	-40.334	-66.369
2.9575	-37.953	-60.364
2.9637	-36.102	-56.864
2.9698	-34.593	-54.395
2.9759	-33.324	-52.492
2.9821	-32.234	-50.952
2.9882	-31.282	-49.663
2.9943	-30.442	-48.56
3.0005	-29.692	-47.601
3.0066	-29.02	-46.756
3.0127	-28.413	-46.007
3.0189	-27.863	-45.336
3.025	-27.363	-44.734
3.0311	-26.908	-44.19
3.0373	-26.494	-43.699
3.0434	-26.116	-43.253
3.0496	-25.771	-42.85
3.0557	-25.457	-42.484
3.0618	-25.172	-42.154
3.068	-24.914	-41.855
3.0741	-24.681	-41.587
3.0802	-24.472	-41.347
3.0864	-24.286	-41.134
3.0925	-24.122	-40.946
3.0986	-23.979	-40.783
3.1048	-23.856	-40.643
3.1109	-23.753	-40.526
3.117	-23.669	-40.431
3.1232	-23.604	-40.358
3.1293	-23.559	-40.306
3.1355	-23.531	-40.274
3.1416	-23.522	-40.264
3.1477	-23.531	-40.274
3.1539	-23.559	-40.306
3.16	-23.604	-40.358
3.1661	-23.669	-40.431
3.1723	-23.753	-40.526
3.1784	-23.856	-40.643
3.1845	-23.979	-40.783
3.1907	-24.122	-40.946
3.1968	-24.286	-41.134
3.203	-24.472	-41.347
3.2091	-24.681	-41.587
3.2152	-24.914	-41.855
3.2214	-25.172	-42.154
3.2275	-25.457	-42.484
3.2336	-25.771	-42.85
3.2398	-26.116	-43.253
3.2459	-26.494	-43.699
3.252	-26.908	-44.19
3.2582	-27.363	-44.734
3.2643	-27.863	-45.336
3.2704	-28.413	-46.007
3.2766	-29.02	-46.756
3.2827	-29.692	-47.601
3.2889	-30.442	-48.56
3.295	-31.282	-49.663
3.3011	-32.234	-50.952
3.3073	-33.324	-52.492
3.3134	-34.593	-54.395
3.3195	-36.102	-56.864
3.3257	-37.953	-60.364
3.3318	-40.334	-66.369
3.3379	-43.654	-Inf
3.3441	-49.135	-66.358
3.3502	-67.717	-60.342
3.3563	-51.458	-56.832
3.3625	-44.799	-54.352
3.3686	-41.085	-52.439
3.3748	-38.503	-50.888
3.3809	-36.529	-49.588
3.387	-34.935	-48.475
3.3932	-33.604	-47.505
3.3993	-32.465	-46.65
3.4054	-31.474	-45.89
3.4116	-30.601	-45.209
3.4177	-29.823	-44.596
3.4238	-29.126	-44.042
3.43	-28.497	-43.539
3.4361	-27.927	-43.083
3.4423	-27.409	-42.669
3.4484	-26.937	-42.293
3.4545	-26.506	-41.952
3.4607	-26.113	-41.643
3.4668	-25.754	-41.364
3.4729	-25.426	-41.114
3.4791	-25.128	-40.89
3.4852	-24.857	-40.692
3.4913	-24.612	-40.518
3.4975	-24.391	-40.367
3.5036	-24.194	-40.239
3.5097	-24.018	-40.134
3.5159	-23.864	-40.05
3.522	-23.73	-39.987
3.5282	-23.616	-39.945
3.5343	-23.522	-39.924
3.5404	-23.446	-39.923
3.5466	-23.39	-39.944
3.5527	-23.352	-39.985
3.5588	-23.332	-40.048
3.565	-23.331	-40.132
3.5711	-23.348	-40.239
3.5772	-23.383	-40.368
3.5834	-23.437	-40.52
3.5895	-23.51	-40.697
3.5957	-23.602	-40.899
3.6018	-23.714	-41.128
3.6079	-23.846	-41.386
3.6141	-23.998	-41.673
3.6202	-24.173	-41.993
3.6263	-24.37	-42.348
3.6325	-24.591	-42.741
3.6386	-24.836	-43.175
3.6447	-25.108	-43.656
3.6509	-25.408	-44.188
3.657	-25.739	-44.78
3.6631	-26.102	-45.44
3.6693	-26.501	-46.178
3.6754	-26.939	-47.012
3.6816	-27.421	-47.96
3.6877	-27.951	-49.052
3.6938	-28.536	-50.33
3.7	-29.184	-51.86
3.7061	-29.906	-53.751
3.7122	-30.715	-56.21
3.7184	-31.629	-59.698
3.7245	-32.673	-65.692
3.7306	-33.883	-347.93
3.7368	-35.314	-65.659
3.7429	-37.055	-59.633
3.749	-39.262	-56.111
3.7552	-42.261	-53.62
3.7613	-46.923	-51.696
3.7675	-57.79	-50.134
3.7736	-54.26	-48.823
3.7797	-45.739	-47.698
3.7859	-41.526	-46.717
3.792	-38.709	-45.851
3.7981	-36.596	-45.08
3.8043	-34.91	-44.388
3.8104	-33.511	-43.763
3.8165	-32.32	-43.198
3.8227	-31.287	-42.684
3.8288	-30.379	-42.217
3.835	-29.571	-41.792
3.8411	-28.848	-41.404
3.8472	-28.196	-41.052
3.8534	-27.605	-40.731
3.8595	-27.068	-40.441
3.8656	-26.578	-40.179
3.8718	-26.131	-39.944
3.8779	-25.722	-39.734
3.884	-25.348	-39.549
3.8902	-25.006	-39.387
3.8963	-24.694	-39.248
3.9024	-24.41	-39.13
3.9086	-24.152	-39.035
3.9147	-23.919	-38.96
3.9209	-23.709	-38.907
3.927	-23.522	-38.874
3.9331	-23.356	-38.862
3.9393	-23.211	-38.871
3.9454	-23.085	-38.901
3.9515	-22.98	-38.952
3.9577	-22.893	-39.024
3.9638	-22.825	-39.119
3.9699	-22.776	-39.236
3.9761	-22.745	-39.377
3.9822	-22.733	-39.542
3.9884	-22.739	-39.733
3.9945	-22.763	-39.95
4.0006	-22.806	-40.195
4.0068	-22.867	-40.471
4.0129	-22.948	-40.779
4.019	-23.048	-41.121
4.0252	-23.168	-41.502
4.0313	-23.309	-41.924
4.0374	-23.471	-42.393
4.0436	-23.656	-42.914
4.0497	-23.864	-43.493
4.0558	-24.096	-44.141
4.062	-24.355	-44.867
4.0681	-24.641	-45.688
4.0743	-24.957	-46.624
4.0804	-25.305	-47.704
4.0865	-25.687	-48.97
4.0927	-26.108	-50.487
4.0988	-26.571	-52.366
4.1049	-27.081	-54.812
4.1111	-27.644	-58.288
4.1172	-28.268	-64.27
4.1233	-28.963	-336.66
4.1295	-29.74	-64.212
4.1356	-30.617	-58.173
4.1417	-31.617	-54.639
4.1479	-32.772	-52.135
4.154	-34.131	-50.199
4.1602	-35.771	-48.624
4.1663	-37.825	-47.3
4.1724	-40.557	-46.163
4.1786	-44.611	-45.169
4.1847	-52.547	-44.29
4.1908	-58.551	-43.506
4.197	-46.5	-42.801
4.2031	-41.635	-42.163
4.2092	-38.538	-41.585
4.2154	-36.267	-41.058
4.2215	-34.477	-40.578
4.2277	-33.005	-40.139
4.2338	-31.757	-39.739
4.2399	-30.679	-39.373
4.2461	-29.733	-39.04
4.2522	-28.894	-38.736
4.2583	-28.142	-38.461
4.2645	-27.465	-38.212
4.2706	-26.852	-37.989
4.2767	-26.294	-37.79
4.2829	-25.785	-37.615
4.289	-25.32	-37.462
4.2951	-24.894	-37.331
4.3013	-24.504	-37.222
4.3074	-24.147	-37.134
4.3136	-23.82	-37.067
4.3197	-23.522	-37.02
4.3258	-23.25	-36.994
4.332	-23.003	-36.989
4.3381	-22.78	-37.005
4.3442	-22.579	-37.042
4.3504	-22.4	-37.101
4.3565	-22.242	-37.181
4.3626	-22.104	-37.285
4.3688	-21.986	-37.411
4.3749	-21.887	-37.562
4.381	-21.807	-37.738
4.3872	-21.745	-37.941
4.3933	-21.702	-38.172
4.3995	-21.677	-38.433
4.4056	-21.671	-38.727
4.4117	-21.683	-39.055
4.4179	-21.713	-39.421
4.424	-21.762	-39.829
4.4301	-21.83	-40.283
4.4363	-21.917	-40.789
4.4424	-22.024	-41.353
4.4485	-22.152	-41.986
4.4547	-22.3	-42.698
4.4608	-22.471	-43.504
4.467	-22.665	-44.424
4.4731	-22.883	-45.489
4.4792	-23.126	-46.74
4.4854	-23.397	-48.242
4.4915	-23.697	-50.105
4.4976	-24.028	-52.536
4.5038	-24.393	-55.997
4.5099	-24.795	-61.963
4.516	-25.238	-Inf
4.5222	-25.727	-61.874
4.5283	-26.268	-55.819
4.5344	-26.866	-52.27
4.5406	-27.533	-49.75
4.5467	-28.278	-47.797
4.5529	-29.119	-46.206
4.559	-30.075	-44.867
4.5651	-31.176	-43.713
4.5713	-32.466	-42.703
4.5774	-34.013	-41.808
4.5835	-35.93	-41.007
4.5897	-38.433	-40.286
4.5958	-42.016	-39.632
4.6019	-48.309	-39.037
4.6081	-71.205	-38.493
4.6142	-47.102	-37.996
4.6204	-41.342	-37.541
4.6265	-37.906	-37.124
4.6326	-35.452	-36.741
4.6388	-33.545	-36.39
4.6449	-31.99	-36.069
4.651	-30.681	-35.777
4.6572	-29.553	-35.511
4.6633	-28.565	-35.271
4.6694	-27.691	-35.054
4.6756	-26.908	-34.861
4.6817	-26.203	-34.691
4.6878	-25.565	-34.542
4.694	-24.983	-34.415
4.7001	-24.453	-34.309
4.7063	-23.967	-34.223
4.7124	-23.522	-34.159
4.7185	-23.113	-34.115
4.7247	-22.738	-34.091
4.7308	-22.394	-34.089
4.7369	-22.079	-34.107
4.7431	-21.79	-34.147
4.7492	-21.527	-34.209
4.7553	-21.288	-34.293
4.7615	-21.072	-34.401
4.7676	-20.878	-34.532
4.7737	-20.704	-34.689
4.7799	-20.551	-34.873
4.786	-20.418	-35.085
4.7922	-20.304	-35.326
4.7983	-20.209	-35.6
4.8044	-20.132	-35.908
4.8106	-20.074	-36.255
4.8167	-20.034	-36.642
4.8228	-20.012	-37.076
4.829	-20.009	-37.562
4.8351	-20.024	-38.106
4.8412	-20.057	-38.718
4.8474	-20.11	-39.409
4.8535	-20.181	-40.194
4.8597	-20.272	-41.094
4.8658	-20.384	-42.138
4.8719	-20.516	-43.368
4.8781	-20.67	-44.848
4.8842	-20.846	-46.69
4.8903	-21.047	-49.1
4.8965	-21.272	-52.539
4.9026	-21.525	-58.483
4.9087	-21.805	-Inf
4.9149	-22.117	-58.35
4.921	-22.461	-52.272
4.9271	-22.842	-48.7
4.9333	-23.262	-46.158
4.9394	-23.727	-44.183
4.9456	-24.241	-42.569
4.9517	-24.812	-41.206
4.9578	-25.447	-40.029
4.964	-26.159	-38.996
4.9701	-26.96	-38.077
4.9762	-27.871	-37.253
4.9824	-28.918	-36.507
4.9885	-30.141	-35.829
4.9946	-31.598	-35.21
5.0008	-33.389	-34.643
5.0069	-35.692	-34.121
5.013	-38.894	-33.641
5.0192	-44.112	-33.198
5.0253	-59.634	-32.79
5.0315	-47.558	-32.414
5.0376	-40.485	-32.068
5.0437	-36.625	-31.75
5.0499	-33.955	-31.458
5.056	-31.914	-31.191
5.0621	-30.265	-30.949
5.0683	-28.884	-30.729
5.0744	-27.699	-30.532
5.0805	-26.664	-30.356
5.0867	-25.748	-30.202
5.0928	-24.929	-30.068
5.099	-24.191	-29.955
5.1051	-23.522	-29.863
5.1112	-22.912	-29.791
5.1174	-22.354	-29.739
5.1235	-21.843	-29.708
5.1296	-21.373	-29.697
5.1358	-20.941	-29.708
5.1419	-20.542	-29.741
5.148	-20.176	-29.795
5.1542	-19.838	-29.873
5.1603	-19.528	-29.975
5.1664	-19.243	-30.101
5.1726	-18.983	-30.254
5.1787	-18.745	-30.435
5.1849	-18.53	-30.646
5.191	-18.335	-30.888
5.1971	-18.161	-31.164
5.2033	-18.007	-31.479
5.2094	-17.872	-31.834
5.2155	-17.756	-32.235
5.2217	-17.658	-32.688
5.2278	-17.579	-33.199
5.2339	-17.518	-33.777
5.2401	-17.474	-34.434
5.2462	-17.449	-35.185
5.2524	-17.443	-36.051
5.2585	-17.454	-37.06
5.2646	-17.484	-38.254
5.2708	-17.533	-39.699
5.2769	-17.601	-41.505
5.283	-17.69	-43.878
5.2892	-17.798	-47.28
5.2953	-17.929	-53.187
5.3014	-18.081	-342.88
5.3076	-18.257	-52.979
5.3137	-18.457	-46.863
5.3198	-18.683	-43.253
5.326	-18.937	-40.671
5.3321	-19.221	-38.656
5.3383	-19.537	-37.003
5.3444	-19.888	-35.599
5.3505	-20.278	-34.382
5.3567	-20.711	-33.307
5.3628	-21.191	-32.347
5.3689	-21.726	-31.48
5.3751	-22.323	-30.692
5.3812	-22.992	-29.97
5.3873	-23.747	-29.307
5.3935	-24.606	-28.695
5.3996	-25.592	-28.129
5.4057	-26.741	-27.603
5.4119	-28.107	-27.115
5.418	-29.773	-26.661
5.4242	-31.892	-26.238
5.4303	-34.772	-25.844
5.4364	-39.216	-25.477
5.4426	-49.098	-25.137
5.4487	-47.878	-24.821
5.4548	-38.651	-24.528
5.461	-34.242	-24.257
5.4671	-31.309	-24.009
5.4732	-29.107	-23.781
5.4794	-27.345	-23.574
5.4855	-25.876	-23.387
5.4917	-24.619	-23.22
5.4978	-23.522	-23.072
5.5039	-22.551	-22.944
5.5101	-21.682	-22.836
5.5162	-20.897	-22.747
5.5223	-20.184	-22.679
5.5285	-19.532	-22.631
5.5346	-18.934	-22.603
5.5407	-18.383	-22.597
5.5469	-17.874	-22.613
5.553	-17.404	-22.652
5.5591	-16.968	-22.715
5.5653	-16.564	-22.804
5.5714	-16.189	-22.919
5.5776	-15.842	-23.063
5.5837	-15.52	-23.237
5.5898	-15.223	-23.445
5.596	-14.948	-23.689
5.6021	-14.696	-23.974
5.6082	-14.464	-24.303
5.6144	-14.252	-24.682
5.6205	-14.059	-25.118
5.6266	-13.886	-25.621
5.6328	-13.731	-26.201
5.6389	-13.594	-26.873
5.645	-13.475	-27.658
5.6512	-13.374	-28.585
5.6573	-13.29	-29.697
5.6635	-13.224	-31.057
5.6696	-13.175	-32.777
5.6757	-13.144	-35.062
5.6819	-13.131	-38.375
5.688	-13.137	-44.19
5.6941	-13.161	-324.21
5.7003	-13.204	-43.794
5.7064	-13.266	-37.581
5.7125	-13.35	-33.872
5.7187	-13.454	-31.189
5.7248	-13.581	-29.071
5.731	-13.731	-27.312
5.7371	-13.907	-25.801
5.7432	-14.108	-24.473
5.7494	-14.339	-23.285
5.7555	-14.6	-22.209
5.7616	-14.894	-21.225
5.7678	-15.225	-20.315
5.7739	-15.597	-19.47
5.78	-16.015	-18.68
5.7862	-16.484	-17.938
5.7923	-17.012	-17.238
5.7984	-17.609	-16.576
5.8046	-18.286	-15.947
5.8107	-19.06	-15.348
5.8169	-19.954	-14.777
5.823	-20.999	-14.23
5.8291	-22.243	-13.707
5.8353	-23.759	-13.204
5.8414	-25.677	-12.722
5.8475	-28.245	-12.257
5.8537	-32.067	-11.81
5.8598	-39.408	-11.379
5.8659	-48.068	-10.962
5.8721	-34.412	-10.56
5.8782	-29.239	-10.171
5.8844	-25.951	-9.7947
5.8905	-23.522	-9.4304
5.8966	-21.587	-9.0777
5.9028	-19.975	-8.7358
5.9089	-18.592	-8.4044
5.915	-17.378	-8.083
5.9212	-16.296	-7.7712
5.9273	-15.32	-7.4687
5.9334	-14.43	-7.175
5.9396	-13.613	-6.8899
5.9457	-12.857	-6.613
5.9518	-12.155	-6.3441
5.958	-11.499	-6.083
5.9641	-10.884	-5.8294
5.9703	-10.306	-5.583
5.9764	-9.7603	-5.3437
5.9825	-9.2445	-5.1113
5.9887	-8.7557	-4.8855
5.9948	-8.2916	-4.6663
6.0009	-7.8503	-4.4535
6.0071	-7.4301	-4.2468
6.0132	-7.0294	-4.0462
6.0193	-6.6471	-3.8516
6.0255	-6.2818	-3.6627
6.0316	-5.9327	-3.4795
6.0377	-5.5987	-3.3019
6.0439	-5.2791	-3.1298
6.05	-4.9731	-2.9631
6.0562	-4.68	-2.8016
6.0623	-4.3993	-2.6453
6.0684	-4.1304	-2.4941
6.0746	-3.8728	-2.3479
6.0807	-3.6261	-2.2066
6.0868	-3.3898	-2.0702
6.093	-3.1636	-1.9387
6.0991	-2.9471	-1.8118
6.1052	-2.74	-1.6896
6.1114	-2.542	-1.5721
6.1175	-2.3528	-1.4591
6.1237	-2.1723	-1.3506
6.1298	-2.0001	-1.2466
6.1359	-1.836	-1.147
6.1421	-1.6799	-1.0518
6.1482	-1.5315	-0.96093
6.1543	-1.3908	-0.87433
6.1605	-1.2575	-0.79199
6.1666	-1.1315	-0.71387
6.1727	-1.0127	-0.63994
6.1789	-0.90089	-0.57017
6.185	-0.79605	-0.50453
6.1911	-0.69804	-0.443
6.1973	-0.60677	-0.38555
6.2034	-0.52214	-0.33215
6.2096	-0.44409	-0.28279
6.2157	-0.37254	-0.23745
6.2218	-0.30741	-0.19611
6.228	-0.24866	-0.15876
6.2341	-0.19623	-0.12537
6.2402	-0.15008	-0.095942
6.2464	-0.11016	-0.07046
6.2525	-0.07644	-0.048913
6.2586	-0.04889	-0.031296
6.2648	-0.027487	-0.0176
6.2709	-0.012212	-0.007821
6.277	-0.0030524	-0.0019551
