# Data file generated by gp_save.m
# 
0.01	5.5935	15.539	19.465	18.016
0.01005	5.5721	15.517	19.376	17.973
0.010099	5.5508	15.496	19.286	17.93
0.01015	5.5294	15.474	19.195	17.887
0.0102	5.5081	15.452	19.104	17.844
0.01025	5.4867	15.43	19.011	17.801
0.010301	5.4654	15.408	18.918	17.758
0.010352	5.444	15.386	18.824	17.715
0.010404	5.4227	15.364	18.729	17.672
0.010455	5.4014	15.342	18.634	17.629
0.010507	5.38	15.32	18.537	17.586
0.010559	5.3587	15.298	18.44	17.543
0.010612	5.3374	15.276	18.342	17.5
0.010664	5.316	15.254	18.243	17.457
0.010717	5.2947	15.233	18.143	17.414
0.01077	5.2733	15.211	18.042	17.371
0.010824	5.252	15.189	17.941	17.328
0.010877	5.2307	15.167	17.838	17.285
0.010931	5.2093	15.145	17.735	17.242
0.010985	5.188	15.123	17.631	17.199
0.01104	5.1667	15.101	17.526	17.156
0.011095	5.1453	15.079	17.42	17.114
0.01115	5.124	15.057	17.313	17.071
0.011205	5.1027	15.035	17.206	17.028
0.011261	5.0814	15.013	17.097	16.985
0.011316	5.06	14.991	16.988	16.942
0.011372	5.0387	14.969	16.878	16.899
0.011429	5.0174	14.947	16.767	16.856
0.011486	4.996	14.925	16.655	16.813
0.011543	4.9747	14.903	16.542	16.77
0.0116	4.9534	14.881	16.429	16.727
0.011657	4.9321	14.858	16.314	16.684
0.011715	4.9107	14.836	16.199	16.641
0.011773	4.8894	14.814	16.084	16.598
0.011832	4.8681	14.792	15.967	16.555
0.01189	4.8468	14.77	15.85	16.512
0.011949	4.8255	14.748	15.732	16.469
0.012008	4.8041	14.726	15.613	16.426
0.012068	4.7828	14.704	15.494	16.383
0.012128	4.7615	14.682	15.374	16.34
0.012188	4.7402	14.66	15.254	16.297
0.012248	4.7189	14.638	15.133	16.254
0.012309	4.6975	14.615	15.012	16.211
0.01237	4.6762	14.593	14.89	16.168
0.012432	4.6549	14.571	14.768	16.125
0.012493	4.6336	14.549	14.646	16.082
0.012555	4.6123	14.527	14.523	16.039
0.012617	4.591	14.505	14.4	15.996
0.01268	4.5697	14.482	14.277	15.953
0.012743	4.5484	14.46	14.154	15.91
0.012806	4.527	14.438	14.032	15.868
0.01287	4.5057	14.416	13.909	15.825
0.012933	4.4844	14.394	13.786	15.782
0.012997	4.4631	14.371	13.664	15.739
0.013062	4.4418	14.349	13.543	15.696
0.013127	4.4205	14.327	13.422	15.653
0.013192	4.3992	14.305	13.302	15.61
0.013257	4.3779	14.283	13.182	15.567
0.013323	4.3566	14.26	13.064	15.524
0.013389	4.3353	14.238	12.946	15.481
0.013455	4.314	14.216	12.83	15.438
0.013522	4.2927	14.193	12.716	15.395
0.013589	4.2714	14.171	12.603	15.352
0.013657	4.2501	14.149	12.492	15.309
0.013724	4.2288	14.127	12.383	15.266
0.013792	4.2075	14.104	12.276	15.223
0.013861	4.1862	14.082	12.171	15.18
0.013929	4.1649	14.06	12.069	15.137
0.013999	4.1436	14.037	11.969	15.094
0.014068	4.1223	14.015	11.873	15.051
0.014138	4.101	13.992	11.779	15.008
0.014208	4.0797	13.97	11.689	14.965
0.014278	4.0584	13.948	11.602	14.922
0.014349	4.0371	13.925	11.519	14.879
0.01442	4.0159	13.903	11.439	14.836
0.014492	3.9946	13.88	11.364	14.793
0.014564	3.9733	13.858	11.293	14.75
0.014636	3.952	13.836	11.226	14.707
0.014708	3.9307	13.813	11.163	14.664
0.014781	3.9094	13.791	11.105	14.622
0.014855	3.8881	13.768	11.052	14.579
0.014928	3.8669	13.746	11.003	14.536
0.015002	3.8456	13.723	10.959	14.493
0.015077	3.8243	13.701	10.92	14.45
0.015151	3.803	13.678	10.886	14.407
0.015227	3.7817	13.656	10.856	14.364
0.015302	3.7605	13.633	10.832	14.321
0.015378	3.7392	13.611	10.812	14.278
0.015454	3.7179	13.588	10.798	14.235
0.015531	3.6966	13.565	10.788	14.192
0.015608	3.6754	13.543	10.782	14.149
0.015685	3.6541	13.52	10.781	14.106
0.015763	3.6328	13.498	10.785	14.063
0.015841	3.6115	13.475	10.793	14.02
0.01592	3.5903	13.452	10.805	13.977
0.015999	3.569	13.43	10.821	13.934
0.016078	3.5477	13.407	10.84	13.891
0.016158	3.5265	13.384	10.864	13.848
0.016238	3.5052	13.362	10.89	13.805
0.016318	3.4839	13.339	10.92	13.762
0.016399	3.4627	13.316	10.953	13.719
0.016481	3.4414	13.293	10.989	13.676
0.016562	3.4201	13.271	11.028	13.633
0.016645	3.3989	13.248	11.069	13.59
0.016727	3.3776	13.225	11.112	13.547
0.01681	3.3563	13.202	11.157	13.504
0.016893	3.3351	13.18	11.204	13.461
0.016977	3.3138	13.157	11.253	13.418
0.017061	3.2926	13.134	11.302	13.376
0.017146	3.2713	13.111	11.354	13.333
0.017231	3.2501	13.088	11.406	13.29
0.017316	3.2288	13.065	11.459	13.247
0.017402	3.2076	13.042	11.513	13.204
0.017489	3.1863	13.02	11.567	13.161
0.017575	3.1651	12.997	11.622	13.118
0.017662	3.1438	12.974	11.677	13.075
0.01775	3.1226	12.951	11.733	13.032
0.017838	3.1013	12.928	11.788	12.989
0.017927	3.0801	12.905	11.843	12.946
0.018015	3.0588	12.882	11.898	12.903
0.018105	3.0376	12.859	11.952	12.86
0.018195	3.0163	12.836	12.006	12.817
0.018285	2.9951	12.813	12.059	12.774
0.018375	2.9738	12.79	12.112	12.731
0.018467	2.9184	12.735	12.045	12.688
0.018558	2.8972	12.712	12.096	12.645
0.01865	2.876	12.689	12.147	12.602
0.018743	2.8547	12.665	12.197	12.559
0.018836	2.8335	12.642	12.246	12.516
0.018929	2.8123	12.619	12.294	12.473
0.019023	2.791	12.596	12.341	12.43
0.019117	2.7698	12.573	12.386	12.387
0.019212	2.7486	12.55	12.431	12.344
0.019307	2.7273	12.526	12.474	12.301
0.019403	2.7061	12.503	12.515	12.258
0.019499	2.6849	12.48	12.555	12.215
0.019596	2.6636	12.457	12.594	12.172
0.019693	2.6424	12.433	12.631	12.13
0.019791	2.6212	12.41	12.666	12.087
0.019889	2.6	12.387	12.7	12.044
0.019988	2.5788	12.363	12.732	12.001
0.020087	2.5575	12.34	12.762	11.958
0.020186	2.5363	12.316	12.791	11.915
0.020286	2.5151	12.293	12.818	11.872
0.020387	2.4939	12.269	12.843	11.829
0.020488	2.4727	12.246	12.866	11.786
0.02059	2.4515	12.222	12.887	11.743
0.020692	2.4302	12.199	12.907	11.7
0.020794	2.409	12.175	12.924	11.657
0.020897	2.3878	12.152	12.94	11.614
0.021001	2.3666	12.128	12.953	11.571
0.021105	2.3454	12.105	12.964	11.528
0.02121	2.3242	12.081	12.974	11.485
0.021315	2.303	12.057	12.981	11.442
0.021421	2.2818	12.034	12.986	11.399
0.021527	2.2606	12.01	12.989	11.356
0.021634	2.2394	11.986	12.99	11.313
0.021741	2.2182	11.963	12.989	11.27
0.021849	2.197	11.939	12.985	11.227
0.021957	2.1758	11.915	12.98	11.184
0.022066	2.1546	11.891	12.972	11.141
0.022175	2.1334	11.867	12.961	11.098
0.022285	2.1122	11.843	12.949	11.055
0.022396	2.091	11.819	12.934	11.012
0.022507	2.0698	11.796	12.916	10.969
0.022619	2.0486	11.772	12.897	10.926
0.022731	2.0274	11.748	12.875	10.884
0.022843	2.0062	11.724	12.85	10.841
0.022957	1.985	11.7	12.823	10.798
0.023071	1.9639	11.675	12.793	10.755
0.023185	1.9427	11.651	12.761	10.712
0.0233	1.9215	11.627	12.727	10.669
0.023416	1.9003	11.603	12.69	10.626
0.023532	1.8791	11.579	12.65	10.583
0.023648	1.858	11.555	12.607	10.54
0.023766	1.8368	11.531	12.562	10.497
0.023883	1.8156	11.506	12.514	10.454
0.024002	1.7944	11.482	12.464	10.411
0.024121	1.7733	11.458	12.411	10.368
0.02424	1.7521	11.433	12.354	10.325
0.024361	1.7309	11.409	12.296	10.282
0.024481	1.7097	11.384	12.234	10.239
0.024603	1.6886	11.36	12.169	10.196
0.024725	1.6674	11.335	12.102	10.153
0.024848	1.6462	11.311	12.031	10.11
0.024971	1.6251	11.286	11.958	10.067
0.025095	1.6039	11.262	11.881	10.024
0.025219	1.5828	11.237	11.802	9.9812
0.025344	1.5616	11.213	11.719	9.9383
0.02547	1.5404	11.188	11.633	9.8953
0.025596	1.5193	11.163	11.545	9.8524
0.025723	1.4981	11.138	11.453	9.8094
0.025851	1.477	11.114	11.358	9.7664
0.025979	1.4558	11.089	11.259	9.7235
0.026108	1.4347	11.064	11.158	9.6805
0.026237	1.4135	11.039	11.053	9.6375
0.026367	1.3924	11.014	10.945	9.5946
0.026498	1.3712	10.989	10.834	9.5516
0.026629	1.3501	10.964	10.72	9.5086
0.026761	1.3289	10.939	10.602	9.4657
0.026894	1.3078	10.914	10.482	9.4227
0.027027	1.2866	10.889	10.358	9.3797
0.027161	1.2655	10.864	10.23	9.3368
0.027296	1.2444	10.838	10.1	9.2938
0.027431	1.2232	10.813	9.9667	9.2508
0.027567	1.2021	10.788	9.8302	9.2079
0.027704	1.1467	10.734	9.8085	9.1649
0.027842	1.1256	10.708	9.67	9.1219
0.02798	1.1044	10.683	9.5286	9.079
0.028118	1.0833	10.658	9.3844	9.036
0.028258	1.0622	10.632	9.2375	8.993
0.028398	1.041	10.607	9.088	8.9501
0.028539	1.0199	10.581	8.9362	8.9071
0.02868	0.99879	10.556	8.7821	8.8641
0.028822	0.97767	10.53	8.626	8.8212
0.028965	0.95655	10.504	8.4682	8.7782
0.029109	0.93543	10.479	8.3089	8.7352
0.029253	0.91432	10.453	8.1485	8.6923
0.029398	0.8932	10.427	7.9873	8.6493
0.029544	0.87209	10.401	7.8256	8.6064
0.029691	0.85098	10.375	7.664	8.5634
0.029838	0.82987	10.349	7.5029	8.5204
0.029986	0.80876	10.323	7.3428	8.4775
0.030135	0.78765	10.297	7.1844	8.4345
0.030284	0.76654	10.271	7.0282	8.3915
0.030434	0.74544	10.245	6.8749	8.3486
0.030585	0.72434	10.219	6.7252	8.3056
0.030737	0.70324	10.193	6.5799	8.2626
0.030889	0.68214	10.166	6.4398	8.2197
0.031042	0.66104	10.14	6.3056	8.1767
0.031196	0.63994	10.114	6.1782	8.1337
0.031351	0.61885	10.087	6.0583	8.0908
0.031506	0.59776	10.061	5.9468	8.0478
0.031663	0.57666	10.034	5.8444	8.0048
0.03182	0.55558	10.008	5.7517	7.9619
0.031978	0.53449	9.9809	5.6695	7.9189
0.032136	0.5134	9.9541	5.5982	7.8759
0.032295	0.49232	9.9274	5.5383	7.833
0.032456	0.47123	9.9005	5.49	7.79
0.032617	0.45015	9.8736	5.4536	7.747
0.032778	0.42907	9.8467	5.4291	7.7041
0.032941	0.40799	9.8197	5.4163	7.6611
0.033104	0.38692	9.7926	5.4152	7.6181
0.033268	0.36584	9.7655	5.4252	7.5752
0.033433	0.34477	9.7383	5.4459	7.5322
0.033599	0.3237	9.711	5.4768	7.4892
0.033766	0.30263	9.6837	5.5171	7.4463
0.033933	0.28156	9.6563	5.566	7.4033
0.034101	0.26049	9.6289	5.6229	7.3604
0.034271	0.23943	9.6013	5.6867	7.3174
0.03444	0.21837	9.5738	5.7567	7.2744
0.034611	0.1973	9.5461	5.8319	7.2315
0.034783	0.17624	9.5184	5.9116	7.1885
0.034955	0.15519	9.4906	5.9948	7.1455
0.035129	0.13413	9.4628	6.0808	7.1026
0.035303	0.11308	9.4349	6.1687	7.0596
0.035478	0.092023	9.4069	6.2578	7.0166
0.035654	0.070972	9.3788	6.3474	6.9737
0.035831	0.049923	9.3507	6.4369	6.9307
0.036008	0.028876	9.3225	6.5256	6.8877
0.036187	0.00783	9.2942	6.613	6.8448
0.036366	-0.013214	9.2659	6.6986	6.8018
0.036547	-0.034256	9.2375	6.7818	6.7588
0.036728	-0.055297	9.209	6.8623	6.7159
0.03691	-0.1107	9.1558	6.7884	6.6729
0.037093	-0.13173	9.1272	6.8663	6.6299
0.037277	-0.15277	9.0986	6.9408	6.587
0.037462	-0.1738	9.0699	7.0115	6.544
0.037648	-0.19483	9.0411	7.0783	6.501
0.037834	-0.21586	9.0123	7.1407	6.4581
0.038022	-0.23688	8.9833	7.1986	6.4151
0.038211	-0.25791	8.9543	7.2516	6.3721
0.0384	-0.27893	8.9252	7.2997	6.3292
0.03859	-0.29995	8.896	7.3425	6.2862
0.038782	-0.32097	8.8667	7.38	6.2432
0.038974	-0.34199	8.8374	7.4119	6.2003
0.039167	-0.36301	8.808	7.4381	6.1573
0.039362	-0.38402	8.7784	7.4585	6.1144
0.039557	-0.40503	8.7488	7.4729	6.0714
0.039753	-0.42604	8.7191	7.4813	6.0284
0.03995	-0.44705	8.6893	7.4834	5.9855
0.040148	-0.46806	8.6594	7.4792	5.9425
0.040347	-0.48907	8.6294	7.4686	5.8995
0.040547	-0.51007	8.5994	7.4515	5.8566
0.040748	-0.53107	8.5692	7.4278	5.8136
0.04095	-0.55207	8.539	7.3974	5.7706
0.041154	-0.57307	8.5086	7.3602	5.7277
0.041358	-0.59406	8.4782	7.3161	5.6847
0.041563	-0.61506	8.4476	7.2651	5.6417
0.041769	-0.63605	8.417	7.2071	5.5988
0.041976	-0.65704	8.3862	7.142	5.5558
0.042184	-0.67803	8.3554	7.0698	5.5128
0.042393	-0.69901	8.3244	6.9904	5.4699
0.042603	-0.72	8.2933	6.9038	5.4269
0.042815	-0.74098	8.2622	6.81	5.3839
0.043027	-0.76196	8.2309	6.7089	5.341
0.04324	-0.78294	8.1995	6.6006	5.298
0.043455	-0.80391	8.1681	6.485	5.255
0.04367	-0.82489	8.1365	6.3622	5.2121
0.043887	-0.84586	8.1048	6.2322	5.1691
0.044104	-0.86683	8.0729	6.0952	5.1261
0.044323	-0.8878	8.041	5.9514	5.0832
0.044543	-0.90877	8.009	5.8008	5.0402
0.044764	-0.92974	7.9768	5.6437	4.9972
0.044986	-0.9507	7.9445	5.4804	4.9543
0.045209	-0.97166	7.9121	5.3113	4.9113
0.045433	-0.99262	7.8796	5.1368	4.8684
0.045658	-1.0136	7.847	4.9574	4.8254
0.045885	-1.0345	7.8142	4.7737	4.7824
0.046112	-1.0899	7.7623	4.7649	4.7395
0.046341	-1.1109	7.7295	4.5789	4.6965
0.046571	-1.1318	7.6965	4.3901	4.6535
0.046802	-1.1528	7.6634	4.1994	4.6106
0.047034	-1.1737	7.6302	4.008	4.5676
0.047267	-1.1947	7.5968	3.8172	4.5246
0.047501	-1.2156	7.5633	3.6283	4.4817
0.047737	-1.2365	7.5297	3.443	4.4387
0.047974	-1.2575	7.4959	3.263	4.3957
0.048212	-1.2784	7.462	3.0902	4.3528
0.048451	-1.2993	7.428	2.9265	4.3098
0.048691	-1.3203	7.3938	2.7738	4.2668
0.048932	-1.3412	7.3595	2.6342	4.2239
0.049175	-1.3621	7.3251	2.5095	4.1809
0.049419	-1.383	7.2905	2.4016	4.1379
0.049664	-1.404	7.2557	2.3118	4.095
0.04991	-1.4249	7.2208	2.2414	4.052
0.050158	-1.4458	7.1858	2.1911	4.009
0.050406	-1.4667	7.1506	2.1614	3.9661
0.050656	-1.4876	7.1153	2.1521	3.9231
0.050908	-1.5085	7.0798	2.1627	3.8801
0.05116	-1.5295	7.0441	2.1922	3.8372
0.051414	-1.5504	7.0083	2.2393	3.7942
0.051669	-1.5713	6.9723	2.3023	3.7512
0.051925	-1.5922	6.9362	2.3794	3.7083
0.052182	-1.6131	6.8999	2.4683	3.6653
0.052441	-1.634	6.8635	2.5671	3.6224
0.052701	-1.6549	6.8268	2.6736	3.5794
0.052963	-1.6758	6.79	2.7856	3.5364
0.053225	-1.6967	6.7531	2.9012	3.4935
0.053489	-1.7176	6.7159	3.0184	3.4505
0.053754	-1.7385	6.6786	3.1356	3.4075
0.054021	-1.7593	6.6411	3.2512	3.3646
0.054289	-1.7802	6.6034	3.3636	3.3216
0.054558	-1.8011	6.5656	3.4717	3.2786
0.054829	-1.822	6.5275	3.5742	3.2357
0.0551	-1.8429	6.4893	3.6702	3.1927
0.055374	-1.8983	6.4391	3.5926	3.1497
0.055648	-1.9191	6.4007	3.6827	3.1068
0.055924	-1.94	6.3622	3.7648	3.0638
0.056202	-1.9609	6.3234	3.8383	3.0208
0.05648	-1.9817	6.2845	3.9023	2.9779
0.05676	-2.0026	6.2454	3.9565	2.9349
0.057042	-2.0235	6.206	4.0003	2.8919
0.057325	-2.0443	6.1665	4.0334	2.849
0.057609	-2.0652	6.1267	4.0552	2.806
0.057895	-2.086	6.0868	4.0656	2.763
0.058182	-2.1069	6.0466	4.0642	2.7201
0.05847	-2.1278	6.0063	4.0509	2.6771
0.05876	-2.1486	5.9657	4.0252	2.6341
0.059052	-2.1695	5.9249	3.9872	2.5912
0.059344	-2.1903	5.8839	3.9366	2.5482
0.059639	-2.2112	5.8426	3.8733	2.5052
0.059934	-2.232	5.8012	3.7972	2.4623
0.060232	-2.2528	5.7595	3.7083	2.4193
0.06053	-2.2737	5.7176	3.6067	2.3764
0.06083	-2.2945	5.6754	3.4922	2.3334
0.061132	-2.3153	5.633	3.3652	2.2904
0.061435	-2.3362	5.5904	3.2258	2.2475
0.06174	-2.357	5.5475	3.0743	2.2045
0.062046	-2.3778	5.5044	2.9111	2.1615
0.062354	-2.3987	5.461	2.7369	2.1186
0.062663	-2.4195	5.4174	2.5523	2.0756
0.062974	-2.4403	5.3735	2.3583	2.0326
0.063286	-2.4611	5.3294	2.1561	1.9897
0.0636	-2.482	5.285	1.9472	1.9467
0.063915	-2.5028	5.2403	1.7333	1.9037
0.064232	-2.5236	5.1954	1.5165	1.8608
0.064551	-2.579	5.1473	1.5163	1.8178
0.064871	-2.5998	5.1022	1.2995	1.7748
0.065192	-2.6206	5.0568	1.0845	1.7319
0.065516	-2.6414	5.0111	0.87433	1.6889
0.065841	-2.6622	4.9652	0.67257	1.6459
0.066167	-2.683	4.919	0.4829	1.603
0.066495	-2.7038	4.8724	0.30919	1.56
0.066825	-2.7246	4.8256	0.15525	1.517
0.067156	-2.7454	4.7786	0.024663	1.4741
0.067489	-2.7662	4.7312	-0.079491	1.4311
0.067824	-2.787	4.6835	-0.15483	1.3881
0.06816	-2.8077	4.6355	-0.19992	1.3452
0.068498	-2.8285	4.5872	-0.21435	1.3022
0.068838	-2.8493	4.5385	-0.19885	1.2592
0.069179	-2.8701	4.4896	-0.15517	1.2163
0.069522	-2.8909	4.4403	-0.086017	1.1733
0.069867	-2.9117	4.3907	0.0052295	1.1304
0.070214	-2.9324	4.3408	0.1147	1.0874
0.070562	-2.9532	4.2906	0.23827	1.0444
0.070912	-2.974	4.24	0.37182	1.0015
0.071263	-2.9948	4.1891	0.51134	0.95849
0.071617	-3.0155	4.1378	0.65308	0.91552
0.071972	-3.0363	4.0862	0.79364	0.87256
0.072329	-3.0571	4.0342	0.92995	0.82959
0.072687	-3.0778	3.9818	1.0593	0.78663
0.073048	-3.0986	3.9291	1.1795	0.74366
0.07341	-3.1194	3.876	1.2884	0.7007
0.073774	-3.1747	3.8304	1.2081	0.65773
0.07414	-3.1955	3.7771	1.307	0.61476
0.074508	-3.2162	3.7234	1.392	0.5718
0.074877	-3.237	3.6693	1.4617	0.52883
0.075248	-3.2577	3.6148	1.5152	0.48587
0.075621	-3.2785	3.5599	1.5515	0.4429
0.075996	-3.2992	3.5046	1.5698	0.39994
0.076373	-3.3199	3.4489	1.5697	0.35697
0.076752	-3.3407	3.3928	1.5506	0.31401
0.077133	-3.3614	3.3363	1.5122	0.27104
0.077515	-3.3822	3.2794	1.4542	0.22807
0.077899	-3.4029	3.222	1.3765	0.18511
0.078286	-3.4236	3.1642	1.2791	0.14214
0.078674	-3.4444	3.106	1.1622	0.099178
0.079064	-3.4651	3.0473	1.026	0.056213
0.079456	-3.4858	2.9882	0.87121	0.013247
0.07985	-3.5065	2.9286	0.69848	-0.029718
0.080246	-3.5273	2.8686	0.50898	-0.072684
0.080644	-3.548	2.8081	0.30423	-0.11565
0.081044	-3.5687	2.7471	0.086193	-0.15861
0.081446	-3.5894	2.6857	-0.14258	-0.20158
0.08185	-3.6101	2.6237	-0.37892	-0.24455
0.082256	-3.6309	2.5613	-0.61892	-0.28751
0.082664	-3.6516	2.4984	-0.85793	-0.33048
0.083073	-3.7069	2.4559	-0.85275	-0.37344
0.083485	-3.7276	2.3926	-1.0869	-0.41641
0.083899	-3.7483	2.3288	-1.3101	-0.45937
0.084315	-3.769	2.2645	-1.5159	-0.50234
0.084734	-3.7897	2.1997	-1.6979	-0.5453
0.085154	-3.8104	2.1343	-1.8498	-0.58827
0.085576	-3.8311	2.0684	-1.9661	-0.63124
0.086	-3.8518	2.002	-2.0427	-0.6742
0.086427	-3.8725	1.935	-2.0774	-0.71717
0.086855	-3.8932	1.8674	-2.0703	-0.76013
0.087286	-3.9139	1.7993	-2.0236	-0.8031
0.087719	-3.9346	1.7306	-1.9414	-0.84606
0.088154	-3.9553	1.6613	-1.8293	-0.88903
0.088591	-3.976	1.5914	-1.6939	-0.93199
0.08903	-3.9967	1.5209	-1.5423	-0.97496
0.089472	-4.0174	1.4498	-1.3813	-1.0179
0.089916	-4.038	1.3781	-1.2174	-1.0609
0.090361	-4.0587	1.3058	-1.0564	-1.1039
0.090809	-4.0794	1.2329	-0.90347	-1.1468
0.09126	-4.1001	1.1593	-0.76288	-1.1898
0.091712	-4.1208	1.085	-0.63829	-1.2328
0.092167	-4.1761	1.0463	-0.72178	-1.2757
0.092624	-4.1968	0.97155	-0.61166	-1.3187
0.093083	-4.2174	0.89619	-0.52236	-1.3616
0.093545	-4.2381	0.82015	-0.45595	-1.4046
0.094009	-4.2588	0.74344	-0.41408	-1.4476
0.094475	-4.2794	0.66603	-0.398	-1.4905
0.094944	-4.3001	0.58792	-0.40867	-1.5335
0.095414	-4.3208	0.50911	-0.44675	-1.5765
0.095888	-4.3414	0.42958	-0.5126	-1.6194
0.096363	-4.3621	0.34932	-0.6063	-1.6624
0.096841	-4.3828	0.26832	-0.72757	-1.7054
0.097321	-4.4034	0.18658	-0.87575	-1.7483
0.097804	-4.4241	0.10409	-1.0497	-1.7913
0.098289	-4.4447	0.020826	-1.2477	-1.8343
0.098776	-4.4654	-0.063209	-1.4673	-1.8772
0.099266	-4.486	-0.14803	-1.7052	-1.9202
0.099758	-4.5067	-0.23364	-1.9568	-1.9632
0.10025	-4.5274	-0.32005	-2.2166	-2.0061
0.10075	-4.548	-0.40728	-2.4775	-2.0491
0.10125	-4.6033	-0.44163	-2.4673	-2.0921
0.10175	-4.624	-0.52941	-2.7229	-2.135
0.10226	-4.6446	-0.61803	-2.9641	-2.178
0.10276	-4.6653	-0.70748	-3.1809	-2.221
0.10327	-4.6859	-0.79777	-3.3632	-2.2639
0.10379	-4.7065	-0.88893	-3.5018	-2.3069
0.1043	-4.7272	-0.98095	-3.5897	-2.3499
0.10482	-4.7478	-1.0738	-3.6233	-2.3928
0.10534	-4.7685	-1.1676	-3.6026	-2.4358
0.10586	-4.7891	-1.2623	-3.5315	-2.4788
0.10638	-4.8097	-1.3579	-3.4175	-2.5217
0.10691	-4.8304	-1.4544	-3.27	-2.5647
0.10744	-4.851	-1.5518	-3.0998	-2.6076
0.10797	-4.8717	-1.6501	-2.9177	-2.6506
0.10851	-4.8923	-1.7494	-2.7336	-2.6936
0.10905	-4.9129	-1.8496	-2.5564	-2.7365
0.10959	-4.9336	-1.9507	-2.3937	-2.7795
0.11013	-4.9542	-2.0529	-2.2515	-2.8225
0.11068	-5.0095	-2.0819	-2.3385	-2.8654
0.11123	-5.0301	-2.1846	-2.2157	-2.9084
0.11178	-5.0508	-2.2883	-2.1215	-2.9514
0.11233	-5.0714	-2.393	-2.0589	-2.9943
0.11289	-5.092	-2.4987	-2.0304	-3.0373
0.11345	-5.1126	-2.6053	-2.0376	-3.0803
0.11401	-5.1333	-2.7129	-2.0815	-3.1232
0.11458	-5.1539	-2.8215	-2.1627	-3.1662
0.11515	-5.1745	-2.9311	-2.2807	-3.2092
0.11572	-5.1952	-3.0416	-2.4347	-3.2521
0.11629	-5.2158	-3.1532	-2.6228	-3.2951
0.11687	-5.2364	-3.2657	-2.8419	-3.3381
0.11745	-5.257	-3.3792	-3.0876	-3.381
0.11803	-5.2777	-3.4937	-3.3539	-3.424
0.11861	-5.2983	-3.6092	-3.6326	-3.467
0.1192	-5.3189	-3.7256	-3.9132	-3.5099
0.11979	-5.3742	-3.7488	-3.8986	-3.5529
0.12039	-5.3948	-3.8658	-4.1718	-3.5959
0.12098	-5.4155	-3.9837	-4.4236	-3.6388
0.12158	-5.4361	-4.1025	-4.6392	-3.6818
0.12219	-5.4567	-4.2222	-4.8045	-3.7248
0.12279	-5.4773	-4.3428	-4.9081	-3.7677
0.1234	-5.4979	-4.4642	-4.9437	-3.8107
0.12401	-5.5186	-4.5865	-4.9113	-3.8537
0.12463	-5.5392	-4.7096	-4.8172	-3.8966
0.12525	-5.5598	-4.8334	-4.673	-3.9396
0.12587	-5.5805	-4.958	-4.4935	-3.9825
0.12649	-5.6011	-5.0833	-4.2943	-4.0255
0.12712	-5.6217	-5.2092	-4.0905	-4.0685
0.12775	-5.6424	-5.3357	-3.8955	-4.1114
0.12838	-5.663	-5.4628	-3.7204	-4.1544
0.12902	-5.7182	-5.4805	-3.8148	-4.1974
0.12966	-5.7389	-5.6078	-3.6611	-4.2403
0.1303	-5.7595	-5.7354	-3.5414	-4.2833
0.13095	-5.7801	-5.8634	-3.4612	-4.3263
0.1316	-5.8007	-5.9917	-3.4243	-4.3692
0.13225	-5.8214	-6.1202	-3.4335	-4.4122
0.13291	-5.842	-6.2487	-3.4899	-4.4552
0.13357	-5.8626	-6.3773	-3.594	-4.4981
0.13423	-5.8833	-6.5058	-3.7446	-4.5411
0.13489	-5.9039	-6.6341	-3.9391	-4.5841
0.13556	-5.9246	-6.762	-4.1732	-4.627
0.13624	-5.9452	-6.8895	-4.4401	-4.67
0.13691	-5.9658	-7.0163	-4.7301	-4.713
0.13759	-5.9865	-7.1424	-5.0301	-4.7559
0.13827	-6.0417	-7.157	-5.0107	-4.7989
0.13896	-6.0624	-7.2822	-5.3068	-4.8419
0.13965	-6.083	-7.4063	-5.5819	-4.8848
0.14034	-6.1036	-7.5292	-5.8151	-4.9278
0.14104	-6.1243	-7.6507	-5.9868	-4.9708
0.14173	-6.1449	-7.7706	-6.0818	-5.0137
0.14244	-6.1656	-7.8888	-6.093	-5.0567
0.14314	-6.1862	-8.0049	-6.0233	-5.0997
0.14385	-6.2069	-8.1188	-5.8851	-5.1426
0.14457	-6.2275	-8.2302	-5.6972	-5.1856
0.14528	-6.2482	-8.339	-5.4815	-5.2285
0.146	-6.2689	-8.445	-5.2592	-5.2715
0.14673	-6.2895	-8.5477	-5.0491	-5.3145
0.14746	-6.3447	-8.5652	-5.1517	-5.3574
0.14819	-6.3654	-8.6653	-4.9617	-5.4004
0.14892	-6.3861	-8.7619	-4.8084	-5.4434
0.14966	-6.4067	-8.8547	-4.701	-5.4863
0.1504	-6.4274	-8.9435	-4.6463	-5.5293
0.15115	-6.4481	-9.0281	-4.6484	-5.5723
0.1519	-6.4688	-9.1083	-4.7094	-5.6152
0.15265	-6.4894	-9.1839	-4.8295	-5.6582
0.15341	-6.5101	-9.2547	-5.0064	-5.7012
0.15417	-6.5308	-9.3205	-5.2353	-5.7441
0.15493	-6.5515	-9.3811	-5.5081	-5.7871
0.1557	-6.5722	-9.4364	-5.8123	-5.8301
0.15647	-6.6274	-9.4647	-5.7907	-5.873
0.15725	-6.6481	-9.5161	-6.1068	-5.916
0.15803	-6.6688	-9.5619	-6.42	-5.959
0.15881	-6.6895	-9.6023	-6.7044	-6.0019
0.1596	-6.7102	-9.6371	-6.9321	-6.0449
0.16039	-6.7309	-9.6662	-7.0781	-6.0879
0.16119	-6.7516	-9.6898	-7.1267	-6.1308
0.16199	-6.7723	-9.7077	-7.0759	-6.1738
0.16279	-6.793	-9.7202	-6.9384	-6.2168
0.1636	-6.8138	-9.7272	-6.7381	-6.2597
0.16441	-6.8345	-9.7288	-6.504	-6.3027
0.16522	-6.8553	-9.7252	-6.2647	-6.3457
0.16604	-6.9104	-9.77	-6.3748	-6.3886
0.16687	-6.9311	-9.7628	-6.149	-6.4316
0.16769	-6.9519	-9.7507	-5.958	-6.4745
0.16853	-6.9726	-9.7339	-5.8174	-6.5175
0.16936	-6.9934	-9.7125	-5.738	-6.5605
0.1702	-7.0141	-9.6868	-5.7268	-6.6034
0.17105	-7.0349	-9.6569	-5.7871	-6.6464
0.17189	-7.0557	-9.6232	-5.919	-6.6894
0.17275	-7.0764	-9.5858	-6.1189	-6.7323
0.1736	-7.0972	-9.5449	-6.3789	-6.7753
0.17446	-7.118	-9.501	-6.6855	-6.8183
0.17533	-7.1731	-9.559	-6.6625	-6.8612
0.1762	-7.1939	-9.5132	-6.9907	-6.9042
0.17707	-7.2147	-9.4646	-7.3246	-6.9472
0.17795	-7.2355	-9.4135	-7.6312	-6.9901
0.17883	-7.2563	-9.3602	-7.8739	-7.0331
0.17972	-7.2771	-9.305	-8.0201	-7.0761
0.18061	-7.298	-9.2479	-8.0505	-7.119
0.18151	-7.3188	-9.1893	-7.966	-7.162
0.18241	-7.3396	-9.1295	-7.7879	-7.205
0.18331	-7.3605	-9.0685	-7.5508	-7.2479
0.18422	-7.4156	-9.134	-7.6635	-7.2909
0.18513	-7.4364	-9.0727	-7.4079	-7.3339
0.18605	-7.4573	-9.0106	-7.1585	-7.3768
0.18697	-7.4781	-8.9479	-6.9453	-7.4198
0.1879	-7.499	-8.8849	-6.7903	-7.4628
0.18883	-7.5199	-8.8217	-6.7085	-7.5057
0.18977	-7.5408	-8.7584	-6.7088	-7.5487
0.19071	-7.5617	-8.6953	-6.7948	-7.5917
0.19166	-7.5826	-8.6325	-6.965	-7.6346
0.19261	-7.6035	-8.5701	-7.2118	-7.6776
0.19356	-7.6586	-8.6386	-7.2009	-7.7205
0.19452	-7.6795	-8.5768	-7.4961	-7.7635
0.19549	-7.7004	-8.5157	-7.8357	-7.8065
0.19645	-7.7213	-8.4553	-8.1876	-7.8494
0.19743	-7.7423	-8.3958	-8.51	-7.8924
0.19841	-7.7632	-8.3373	-8.7561	-7.9354
0.19939	-7.7842	-8.2798	-8.8856	-7.9783
0.20038	-7.8052	-8.2236	-8.8789	-8.0213
0.20137	-7.8262	-8.1686	-8.7449	-8.0643
0.20237	-7.8812	-8.2371	-8.8386	-8.1072
0.20338	-7.9022	-8.1833	-8.631	-8.1502
0.20438	-7.9232	-8.1308	-8.367	-8.1932
0.2054	-7.9442	-8.0799	-8.0951	-8.2361
0.20642	-7.9652	-8.0305	-7.8568	-8.2791
0.20744	-7.9863	-7.9827	-7.6832	-8.3221
0.20847	-8.0073	-7.9367	-7.5948	-8.365
0.2095	-8.0284	-7.8923	-7.6033	-8.408
0.21054	-8.0495	-7.8498	-7.7127	-8.451
0.21159	-8.1045	-7.9166	-7.7325	-8.4939
0.21264	-8.1255	-7.8756	-7.9162	-8.5369
0.21369	-8.1466	-7.8364	-8.1876	-8.5799
0.21475	-8.1677	-7.7992	-8.5252	-8.6228
0.21581	-8.1888	-7.764	-8.8938	-8.6658
0.21688	-8.21	-7.7309	-9.2441	-8.7088
0.21796	-8.2311	-7.6998	-9.518	-8.7517
0.21904	-8.2523	-7.6709	-9.6628	-8.7947
0.22013	-8.3073	-7.7352	-9.6927	-8.8377
0.22122	-8.3284	-7.7079	-9.7194	-8.8806
0.22232	-8.3496	-7.6829	-9.5957	-8.9236
0.22342	-8.3708	-7.6601	-9.3607	-8.9665
0.22453	-8.392	-7.6396	-9.0735	-9.0095
0.22564	-8.4132	-7.6213	-8.7936	-9.0525
0.22676	-8.4345	-7.6055	-8.5691	-9.0954
0.22788	-8.4557	-7.592	-8.4332	-9.1384
0.22901	-8.477	-7.581	-8.4058	-9.1814
0.23015	-8.5319	-7.6415	-8.4571	-9.2243
0.23129	-8.5532	-7.6323	-8.5183	-9.2673
0.23244	-8.5745	-7.6256	-8.6949	-9.3103
0.23359	-8.5958	-7.6215	-8.9746	-9.3532
0.23475	-8.6172	-7.6199	-9.3301	-9.3962
0.23591	-8.6385	-7.6209	-9.7159	-9.4392
0.23708	-8.6599	-7.6246	-10.068	-9.4821
0.23826	-8.6813	-7.6309	-10.314	-9.5251
0.23944	-8.7362	-7.6874	-10.32	-9.5681
0.24063	-8.7576	-7.6957	-10.445	-9.611
0.24182	-8.779	-7.7068	-10.392	-9.654
0.24302	-8.8004	-7.7207	-10.188	-9.697
0.24422	-8.8219	-7.7373	-9.8963	-9.7399
0.24543	-8.8434	-7.7569	-9.5931	-9.7829
0.24665	-8.8649	-7.7793	-9.3428	-9.8259
0.24787	-8.9198	-7.8319	-9.4499	-9.8688
0.2491	-8.9413	-7.8565	-9.2711	-9.9118
0.25034	-8.9628	-7.8841	-9.2117	-9.9548
0.25158	-8.9843	-7.9146	-9.2855	-9.9977
0.25283	-9.0059	-7.9482	-9.4907	-10.041
0.25408	-9.0275	-7.9848	-9.8079	-10.084
0.25534	-9.0491	-8.0246	-10.197	-10.127
0.25661	-9.104	-8.073	-10.153	-10.17
0.25788	-9.1256	-8.1151	-10.553	-10.213
0.25916	-9.1473	-8.1605	-10.896	-10.256
0.26044	-9.1689	-8.209	-11.094	-10.298
0.26174	-9.1906	-8.2609	-11.095	-10.341
0.26303	-9.2124	-8.3161	-10.912	-10.384
0.26434	-9.2341	-8.3747	-10.614	-10.427
0.26565	-9.2889	-8.4182	-10.744	-10.47
0.26697	-9.3107	-8.4793	-10.421	-10.513
0.26829	-9.3325	-8.5439	-10.139	-10.556
0.26962	-9.3543	-8.612	-9.959	-10.599
0.27096	-9.3762	-8.6837	-9.9178	-10.642
0.2723	-9.398	-8.7589	-10.029	-10.685
0.27365	-9.42	-8.8378	-10.286	-10.728
0.27501	-9.4747	-8.8761	-10.267	-10.771
0.27637	-9.4966	-8.9577	-10.612	-10.814
0.27774	-9.5186	-9.0431	-11.025	-10.857
0.27912	-9.5406	-9.1323	-11.418	-10.9
0.2805	-9.5626	-9.2252	-11.684	-10.943
0.28189	-9.5846	-9.3221	-11.742	-10.986
0.28329	-9.6067	-9.4228	-11.583	-11.029
0.2847	-9.6614	-9.4552	-11.69	-11.072
0.28611	-9.6835	-9.5589	-11.413	-11.115
0.28753	-9.7056	-9.6665	-11.074	-11.158
0.28895	-9.7278	-9.7781	-10.778	-11.201
0.29039	-9.75	-9.8938	-10.602	-11.244
0.29183	-9.7722	-10.013	-10.585	-11.287
0.29327	-9.8269	-10.041	-10.628	-11.33
0.29473	-9.8491	-10.163	-10.744	-11.373
0.29619	-9.8714	-10.29	-11.021	-11.416
0.29766	-9.8937	-10.421	-11.417	-11.459
0.29913	-9.9161	-10.556	-11.849	-11.502
0.30062	-9.9385	-10.695	-12.196	-11.544
0.30211	-9.9931	-10.716	-12.179	-11.587
0.30361	-10.016	-10.858	-12.38	-11.63
0.30511	-10.038	-11.004	-12.334	-11.673
0.30662	-10.06	-11.153	-12.076	-11.716
0.30815	-10.083	-11.307	-11.724	-11.759
0.30967	-10.106	-11.464	-11.407	-11.802
0.31121	-10.16	-11.48	-11.528	-11.845
0.31275	-10.183	-11.639	-11.302	-11.888
0.3143	-10.205	-11.802	-11.248	-11.931
0.31586	-10.228	-11.968	-11.388	-11.974
0.31743	-10.251	-12.137	-11.704	-12.017
0.319	-10.274	-12.309	-12.135	-12.06
0.32058	-10.328	-12.32	-12.08	-12.103
0.32217	-10.351	-12.493	-12.524	-12.146
0.32377	-10.374	-12.668	-12.857	-12.189
0.32538	-10.397	-12.845	-12.947	-12.232
0.32699	-10.42	-13.022	-12.769	-12.275
0.32861	-10.443	-13.2	-12.424	-12.318
0.33024	-10.497	-13.208	-12.567	-12.361
0.33188	-10.52	-13.386	-12.2	-12.404
0.33352	-10.543	-13.563	-11.924	-12.447
0.33518	-10.566	-13.738	-11.827	-12.49
0.33684	-10.589	-13.911	-11.945	-12.533
0.33851	-10.644	-13.919	-11.952	-12.576
0.34019	-10.667	-14.09	-12.226	-12.619
0.34188	-10.69	-14.256	-12.652	-12.662
0.34357	-10.714	-14.416	-13.109	-12.705
0.34528	-10.737	-14.571	-13.424	-12.748
0.34699	-10.791	-14.582	-13.422	-12.79
0.34871	-10.815	-14.731	-13.53	-12.833
0.35044	-10.838	-14.871	-13.341	-12.876
0.35218	-10.862	-15.001	-12.976	-12.919
0.35392	-10.885	-15.12	-12.614	-12.962
0.35568	-10.94	-15.139	-12.746	-13.005
0.35744	-10.963	-15.25	-12.489	-13.048
0.35921	-10.987	-15.347	-12.445	-13.091
0.36099	-11.011	-15.431	-12.641	-13.134
0.36278	-11.034	-15.501	-13.037	-13.177
0.36458	-11.089	-15.532	-12.982	-13.22
0.36639	-11.113	-15.59	-13.456	-13.263
0.36821	-11.136	-15.633	-13.874	-13.306
0.37003	-11.16	-15.66	-14.038	-13.349
0.37187	-11.184	-15.672	-13.872	-13.392
0.37371	-11.239	-15.717	-13.99	-13.435
0.37557	-11.263	-15.718	-13.647	-13.478
0.37743	-11.287	-15.704	-13.254	-13.521
0.3793	-11.311	-15.675	-12.998	-13.564
0.38118	-11.335	-15.633	-12.984	-13.607
0.38307	-11.39	-15.692	-13.018	-13.65
0.38497	-11.414	-15.641	-13.205	-13.693
0.38688	-11.438	-15.578	-13.616	-13.736
0.3888	-11.463	-15.505	-14.11	-13.779
0.39073	-11.487	-15.423	-14.462	-13.822
0.39266	-11.542	-15.493	-14.455	-13.865
0.39461	-11.566	-15.405	-14.561	-13.908
0.39657	-11.591	-15.31	-14.318	-13.951
0.39853	-11.616	-15.21	-13.906	-13.994
0.40051	-11.67	-15.285	-14.06	-14.036
0.4025	-11.695	-15.182	-13.684	-14.079
0.40449	-11.72	-15.075	-13.513	-14.122
0.4065	-11.744	-14.966	-13.629	-14.165
0.40851	-11.77	-14.856	-14.011	-14.208
0.41054	-11.824	-14.935	-13.954	-14.251
0.41258	-11.849	-14.825	-14.452	-14.294
0.41462	-11.874	-14.715	-14.895	-14.337
0.41668	-11.899	-14.607	-15.022	-14.38
0.41874	-11.953	-14.686	-15.081	-14.423
0.42082	-11.979	-14.58	-14.908	-14.466
0.42291	-12.004	-14.477	-14.494	-14.509
0.425	-12.03	-14.377	-14.119	-14.552
0.42711	-12.084	-14.455	-14.247	-14.595
0.42923	-12.109	-14.359	-14.046	-14.638
0.43136	-12.135	-14.267	-14.159	-14.681
0.4335	-12.161	-14.179	-14.561	-14.724
0.43565	-12.215	-14.255	-14.498	-14.767
0.43781	-12.241	-14.173	-15.017	-14.81
0.43998	-12.267	-14.096	-15.439	-14.853
0.44216	-12.293	-14.025	-15.485	-14.896
0.44435	-12.347	-14.098	-15.567	-14.939
0.44656	-12.373	-14.032	-15.303	-14.982
0.44877	-12.399	-13.973	-14.857	-15.025
0.451	-12.426	-13.922	-14.542	-15.068
0.45323	-12.48	-13.99	-14.648	-15.111
0.45548	-12.506	-13.944	-14.564	-15.154
0.45774	-12.533	-13.906	-14.83	-15.197
0.46001	-12.56	-13.876	-15.342	-15.24
0.46229	-12.614	-13.939	-15.262	-15.282
0.46458	-12.64	-13.915	-15.78	-15.325
0.46689	-12.667	-13.899	-15.994	-15.368
0.4692	-12.694	-13.892	-15.75	-15.411
0.47153	-12.748	-13.95	-15.895	-15.454
0.47387	-12.775	-13.95	-15.452	-15.497
0.47622	-12.802	-13.958	-15.072	-15.54
0.47858	-12.83	-13.976	-15.011	-15.583
0.48095	-12.884	-14.028	-15.045	-15.626
0.48334	-12.911	-14.052	-15.276	-15.669
0.48573	-12.939	-14.086	-15.793	-15.712
0.48814	-12.993	-14.135	-15.709	-15.755
0.49056	-13.02	-14.176	-16.245	-15.798
0.49299	-13.048	-14.227	-16.449	-15.841
0.49544	-13.076	-14.287	-16.164	-15.884
0.4979	-13.13	-14.329	-16.319	-15.927
0.50036	-13.158	-14.397	-15.848	-15.97
0.50285	-13.186	-14.476	-15.502	-16.013
0.50534	-13.24	-14.513	-15.611	-16.056
0.50785	-13.268	-14.599	-15.54	-16.099
0.51036	-13.297	-14.696	-15.88	-16.142
0.51289	-13.326	-14.803	-16.449	-16.185
0.51544	-13.379	-14.833	-16.364	-16.228
0.51799	-13.408	-14.948	-16.831	-16.271
0.52056	-13.437	-15.073	-16.812	-16.314
0.52314	-13.491	-15.098	-16.921	-16.357
0.52574	-13.52	-15.232	-16.542	-16.4
0.52835	-13.549	-15.375	-16.076	-16.443
0.53096	-13.578	-15.529	-15.926	-16.486
0.5336	-13.632	-15.547	-15.975	-16.528
0.53624	-13.662	-15.709	-16.171	-16.571
0.5389	-13.691	-15.88	-16.717	-16.614
0.54158	-13.745	-15.894	-16.624	-16.657
0.54426	-13.775	-16.072	-17.176	-16.7
0.54696	-13.805	-16.26	-17.29	-16.743
0.54967	-13.859	-16.269	-17.372	-16.786
0.5524	-13.889	-16.463	-17.057	-16.829
0.55514	-13.919	-16.666	-16.558	-16.872
0.55789	-13.973	-16.67	-16.718	-16.915
0.56066	-14.003	-16.878	-16.421	-16.958
0.56344	-14.034	-17.091	-16.601	-17.001
0.56623	-14.088	-17.093	-16.567	-17.044
0.56904	-14.118	-17.31	-17.067	-17.087
0.57186	-14.149	-17.53	-17.623	-17.13
0.5747	-14.203	-17.529	-17.569	-17.173
0.57755	-14.234	-17.751	-17.777	-17.216
0.58041	-14.266	-17.971	-17.392	-17.259
0.58329	-14.319	-17.97	-17.572	-17.302
0.58618	-14.351	-18.189	-17.052	-17.345
0.58909	-14.383	-18.402	-16.847	-17.388
0.59201	-14.436	-18.402	-16.903	-17.431
0.59494	-14.468	-18.608	-17.104	-17.474
0.59789	-14.501	-18.804	-17.697	-17.517
0.60086	-14.554	-18.808	-17.596	-17.56
0.60384	-14.587	-18.992	-18.129	-17.603
0.60683	-14.619	-19.159	-18.065	-17.646
0.60984	-14.673	-19.169	-18.196	-17.689
0.61287	-14.706	-19.32	-17.721	-17.732
0.61591	-14.739	-19.446	-17.295	-17.774
0.61896	-14.792	-19.466	-17.413	-17.817
0.62203	-14.826	-19.573	-17.366	-17.86
0.62511	-14.879	-19.597	-17.376	-17.903
0.62821	-14.913	-19.682	-17.761	-17.946
0.63133	-14.947	-19.736	-18.388	-17.989
0.63446	-15	-19.773	-18.305	-18.032
0.63761	-15.034	-19.804	-18.631	-18.075
0.64077	-15.069	-19.804	-18.256	-18.118
0.64394	-15.122	-19.855	-18.443	-18.161
0.64714	-15.157	-19.832	-17.891	-18.204
0.65035	-15.21	-19.888	-18.064	-18.247
0.65357	-15.245	-19.843	-17.769	-18.29
0.65681	-15.28	-19.771	-18.089	-18.333
0.66007	-15.334	-19.84	-18.014	-18.376
0.66334	-15.369	-19.75	-18.647	-18.419
0.66663	-15.422	-19.823	-18.537	-18.462
0.66994	-15.458	-19.717	-19.045	-18.505
0.67326	-15.494	-19.594	-18.815	-18.548
0.6766	-15.548	-19.675	-18.987	-18.591
0.67995	-15.584	-19.541	-18.42	-18.634
0.68333	-15.637	-19.625	-18.611	-18.677
0.68671	-15.674	-19.483	-18.219	-18.72
0.69012	-15.711	-19.334	-18.477	-18.763
0.69354	-15.764	-19.422	-18.409	-18.806
0.69698	-15.801	-19.269	-19.043	-18.849
0.70044	-15.855	-19.359	-18.927	-18.892
0.70391	-15.892	-19.205	-19.464	-18.935
0.7074	-15.946	-19.295	-19.443	-18.978
0.71091	-15.984	-19.143	-19.395	-19.02
0.71443	-16.022	-18.995	-18.808	-19.063
0.71798	-16.075	-19.083	-18.997	-19.106
0.72154	-16.114	-18.94	-18.646	-19.149
0.72512	-16.168	-19.028	-18.724	-19.192
0.72871	-16.206	-18.891	-18.917	-19.235
0.73232	-16.26	-18.978	-18.857	-19.278
0.73596	-16.299	-18.849	-19.491	-19.321
0.73961	-16.353	-18.935	-19.367	-19.364
0.74327	-16.393	-18.815	-19.927	-19.407
0.74696	-16.433	-18.708	-19.645	-19.45
0.75066	-16.486	-18.788	-19.836	-19.493
0.75439	-16.527	-18.693	-19.231	-19.536
0.75813	-16.58	-18.771	-19.416	-19.579
0.76189	-16.621	-18.688	-19.129	-19.622
0.76566	-16.675	-18.763	-19.181	-19.665
0.76946	-16.716	-18.693	-19.498	-19.708
0.77328	-16.77	-18.765	-19.407	-19.751
0.77711	-16.812	-18.709	-20.103	-19.794
0.78096	-16.866	-18.777	-19.986	-19.837
0.78484	-16.908	-18.736	-20.392	-19.88
0.78873	-16.962	-18.801	-20.435	-19.923
0.79264	-17.004	-18.775	-20.106	-19.966
0.79657	-17.058	-18.836	-20.311	-20.009
0.80052	-17.101	-18.826	-19.695	-20.052
0.80449	-17.155	-18.884	-19.871	-20.095
0.80848	-17.199	-18.889	-19.676	-20.138
0.81249	-17.253	-18.943	-19.695	-20.181
0.81652	-17.297	-18.965	-20.154	-20.224
0.82057	-17.351	-19.015	-20.034	-20.266
0.82464	-17.396	-19.054	-20.74	-20.309
0.82873	-17.45	-19.1	-20.654	-20.352
0.83284	-17.495	-19.157	-20.809	-20.395
0.83697	-17.55	-19.199	-20.932	-20.438
0.84112	-17.605	-19.242	-20.985	-20.481
0.84529	-17.65	-19.31	-20.597	-20.524
0.84948	-17.705	-19.35	-20.816	-20.567
0.85369	-17.751	-19.436	-20.204	-20.61
0.85792	-17.806	-19.471	-20.363	-20.653
0.86218	-17.853	-19.575	-20.3	-20.696
0.86645	-17.908	-19.606	-20.276	-20.739
0.87075	-17.955	-19.728	-20.886	-20.782
0.87507	-18.01	-19.754	-20.745	-20.825
0.87941	-18.065	-19.781	-20.619	-20.868
0.88377	-18.113	-19.917	-21.345	-20.911
0.88815	-18.169	-19.939	-21.259	-20.954
0.89255	-18.218	-20.093	-21.358	-20.997
0.89698	-18.273	-20.111	-21.505	-21.04
0.90143	-18.329	-20.131	-21.578	-21.083
0.9059	-18.378	-20.297	-21.105	-21.126
0.91039	-18.434	-20.312	-21.337	-21.169
0.91491	-18.485	-20.496	-20.764	-21.212
0.91944	-18.541	-20.506	-20.89	-21.255
0.924	-18.597	-20.518	-21.073	-21.298
0.92858	-18.648	-20.714	-20.948	-21.341
0.93319	-18.705	-20.722	-20.927	-21.384
0.93782	-18.761	-20.73	-20.976	-21.427
0.94247	-18.813	-20.937	-21.409	-21.47
0.94714	-18.87	-20.942	-21.274	-21.512
0.95184	-18.927	-20.947	-21.181	-21.555
0.95656	-18.98	-21.166	-21.936	-21.598
0.9613	-19.037	-21.167	-21.807	-21.641
0.96607	-19.095	-21.17	-21.652	-21.684
0.97086	-19.149	-21.398	-22.204	-21.727
0.97567	-19.207	-21.398	-22.23	-21.77
0.98051	-19.265	-21.398	-22.169	-21.813
0.98537	-19.32	-21.635	-22.073	-21.856
0.99026	-19.379	-21.632	-22.275	-21.899
0.99517	-19.437	-21.63	-22.408	-21.942
1.0001	-19.493	-21.876	-21.778	-21.985
1.0051	-19.553	-21.871	-22.01	-22.028
1.01	-19.612	-21.866	-22.253	-22.071
1.0151	-19.672	-21.862	-22.468	-22.114
1.0201	-19.729	-22.112	-21.782	-22.157
1.0251	-19.789	-22.106	-21.963	-22.2
1.0302	-19.85	-22.1	-22.193	-22.243
1.0353	-19.911	-22.095	-22.441	-22.286
1.0405	-19.97	-22.349	-21.886	-22.329
1.0456	-20.031	-22.342	-21.982	-22.372
1.0508	-20.093	-22.335	-22.153	-22.415
1.056	-20.155	-22.329	-22.381	-22.458
1.0613	-20.217	-22.324	-22.633	-22.501
1.0665	-20.278	-22.578	-22.106	-22.544
1.0718	-20.341	-22.571	-22.185	-22.587
1.0771	-20.405	-22.564	-22.346	-22.63
1.0825	-20.469	-22.558	-22.57	-22.673
1.0878	-20.533	-22.553	-22.823	-22.716
1.0932	-20.598	-22.549	-23.059	-22.758
1.0987	-20.662	-22.802	-22.391	-22.801
1.1041	-20.728	-22.795	-22.538	-22.844
1.1096	-20.794	-22.79	-22.754	-22.887
1.1151	-20.861	-22.785	-23.005	-22.93
1.1206	-20.928	-22.781	-23.247	-22.973
1.1262	-20.996	-22.778	-23.427	-23.016
1.1318	-21.064	-22.777	-23.505	-23.059
1.1374	-21.133	-22.776	-23.467	-23.102
1.143	-21.203	-22.778	-23.338	-23.145
1.1487	-21.274	-22.78	-23.167	-23.188
1.1544	-21.345	-22.784	-23.008	-23.231
1.1601	-21.417	-22.79	-22.909	-23.274
1.1658	-21.49	-22.798	-22.899	-23.317
1.1716	-21.563	-22.807	-22.991	-23.36
1.1774	-21.638	-22.819	-23.174	-23.403
1.1833	-21.713	-22.832	-23.42	-23.446
1.1891	-21.79	-22.848	-23.679	-23.489
1.195	-21.867	-22.866	-23.892	-23.532
1.201	-21.945	-22.886	-24.004	-23.575
1.2069	-22.025	-22.908	-23.992	-23.618
1.2129	-22.106	-22.932	-23.875	-23.661
1.2189	-22.188	-22.959	-23.705	-23.704
1.225	-22.271	-22.989	-23.544	-23.747
1.231	-22.355	-23.02	-23.443	-23.79
1.2371	-22.446	-22.997	-24.222	-23.833
1.2433	-22.534	-23.044	-24.285	-23.876
1.2494	-22.623	-23.094	-24.222	-23.919
1.2556	-22.714	-23.147	-24.073	-23.962
1.2619	-22.808	-23.201	-23.901	-24.004
1.2681	-22.909	-23.314	-24.232	-24.047
1.2744	-23.006	-23.384	-24.439	-24.09
1.2807	-23.106	-23.456	-24.535	-24.133
1.2871	-23.216	-23.671	-23.815	-24.176
1.2935	-23.321	-23.755	-23.979	-24.219
1.2999	-23.428	-23.841	-24.215	-24.262
1.3063	-23.549	-24.134	-24.203	-24.305
1.3128	-23.663	-24.226	-24.071	-24.348
1.3193	-23.792	-24.556	-24.752	-24.391
1.3259	-23.913	-24.647	-24.807	-24.434
1.3324	-24.052	-24.967	-24.184	-24.477
1.339	-24.182	-25.049	-24.392	-24.52
1.3457	-24.333	-25.305	-24.514	-24.563
1.3524	-24.49	-25.47	-24.807	-24.606
1.3591	-24.638	-25.516	-24.986	-24.649
1.3658	-24.81	-25.549	-24.351	-24.692
1.3726	-24.992	-25.475	-25.012	-24.735
1.3794	-25.184	-25.32	-24.656	-24.778
1.3862	-25.388	-25.124	-24.742	-24.821
1.3931	-25.605	-24.927	-25.11	-24.864
1.4	-25.836	-24.764	-24.59	-24.907
