# Data file generated by gp_save.m
# 
-2	0	0	0	0	0	0	0	0	0	0	0	0	0	0	0	0	0	0	0	0	0	0	0	0	0	0	0	0	0	0	0	0	0	0	0	0	0
-1.95	0	0	0	0	0	0	0	0	0	0	0	0	0	0	0	0	0	0	0	0	0	0	0	0	0	0	0	0	0	0	0	0	0	0	0	0	0
-1.9	0	0	0	0	0	0	0	0	0	0	0	0	0	0	0	0	0	0	0	0	0	0	0	0	0	0	0	0	0	0	0	0	0	0	0	0	0
-1.85	0	0	0	0	0	0	0	0	0	0	0	0	0	0	0	0	0	0	0	0	0	0	0	0	0	0	0	0	0	0	0	0	0	0	0	0	0
-1.8	0	0	0	0	0	0	0	0	0	0	0	0	0	0	0	0	0	0	0	0	0	0	0	0	0	0	0	0	0	0	0	0	0	0	0	0	0
-1.75	0	0	0	0	0	0	0	0	0	0	0	0	0	0	0	0	0	0	0	0	0	0	0	0	0	0	0	0	0	0	0	0	0	0	0	0	0
-1.7	0	0	0	0	0	0	0	0	0	0	0	0	0	0	0	0	0	0	0	0	0	0	0	0	0	0	0	0	0	0	0	0	0	0	0	0	0
-1.65	0	0	0	0	0	0	0	0	0	0	0	0	0	0	0	0	0	0	0	0	0	0	0	0	0	0	0	0	0	0	0	0	0	0	0	0	0
-1.6	0	0	0	0	0	0	0	0	0	0	0	0	0	0	0	0	0	0	0	0	0	0	0	0	0	0	0	0	0	0	0	0	0	0	0	0	0
-1.55	0	0	0	0	0	0	0	0	0	0	0	0	0	0	0	0	0	0	0	0	0	0	0	0	0	0	0	0	0	0	0	0	0	0	0	0	0
-1.5	0	0	0	0	0	0	0	0	0	0	0	0	0	0	0	0	0	0	0	0	0	0	0	0	0	0	0	0	0	0	0	0	0	0	0	0	0
-1.45	0	0	0	0	0	0	0	0	0	0	0	0	0	0	0	0	0	0	0	0	0	0	0	0	0	0	0	0	0	0	0	0	0	0	0	0	0
-1.4	0	0	0	0	0	0	0	0	0	0	0	0	0	0	0	0	0	0	0	0	0	0	0	0	0	0	0	0	0	0	0	0	0	0	0	0	0
-1.35	0	0	0	0	0	0	0	0	0	0	0	0	0	0	0	0	0	0	0	0	0	0	0	0	0	0	0	0	0	0	0	0	0	0	0	0	0
-1.3	0	0	0	0	0	0	0	0	0	0	0	0	0	0	0	0	0	0	0	0	0	0	0	0	0	0	0	0	0	0	0	0	0	0	0	0	0
-1.25	0	0	0	0	0	0	0	0	0	0	0	0	0	0	0	0	0	0	0	0	0	0	0	0	0	0	0	0	0	0	0	0	0	0	0	0	0
-1.2	0	0	0	0	0	0	0	0	0	0	0	0	0	0	0	0	0	0	0	0	0	0	0	0	0	0	0	0	0	0	0	0	0	0	0	0	0
-1.15	0	0	0	0	0	0	0	0	0	0	0	0	0	0	0	0	0	0	0	0	0	0	0	0	0	0	0	0	0	0	0	0	0	0	0	0	0
-1.1	0	0	0	0	0	0	0.021584	0.030156	0	0	0	0	0	0	0	0	0.012279	0.0039994	0	0.0016429	0.028227	0.0016474	0.00092108	0.00092998	0.035256	0.11267	0.098293	0.084456	0.056752	0.082838	0.086626	0.038862	0.034143	0.098678	0.13251	0.033045	0.019633
-1.05	0	0	0	0	0	0	0.02056	0.010506	0	0	0	0	0	0	0	0	0.0044498	0.010985	0.00085566	0	0	0	0.00093095	0	0.0052682	0.0059253	0.0026385	0.022869	0.011286	0.008875	0.016977	0.0080577	0.004464	0.027766	0.048965	0.0045075	0.0018532
-1	0	0	0	0	0	0	0.013687	0.013679	0	0	0	0	0	0.00067888	0	0	0.00087382	0.0063401	0.00081177	0	0.0041645	0.03616	0	0	0.0086627	0.01654	0.0016481	0.0097137	0.0060924	0.013761	0.019463	0.0070995	0.0035242	0.024252	0.050731	0.0052942	0.0045045
-0.95	0	0	0	0	0	0	0.027671	0.026749	0	0.00083117	0	0	0	0	0.00082418	0	0	0.0017849	0.0018385	0.00090549	0.031034	0.049629	0.00093475	0.0008947	0.010667	0.0097079	0.0088359	0.00089765	0.010677	0.010269	0.0097385	0.0060784	0.0063275	0.02778	0.055156	0.016287	0.0063213
-0.9	0	0	0	0	0	0	0.029416	0.020045	0	0.0025756	0	0	0	0	0	0	0.00084561	0	0	0.0063036	0.12676	0.00090283	0.0045894	0	0.0077816	0.006988	0.02469	0.0098295	0.005345	0.013996	0.015179	0.018862	0.0044336	0.016233	0.051658	0.018154	0.012727
-0.85	0	0	0	0	0	0	0.032695	0.045349	0.0042635	0.0051955	0.00067991	0.00069523	0	0	0	0	0	0	0	0.10636	0.1597	0	0.00093375	0	0.00088415	0.012609	0.0017937	0.02507	0.003536	0.0077819	0.018705	0.010806	0.004445	0.015945	0.038103	0.02446	0.0089451
-0.8	0	0	0	0	0	0	0.037655	0.049131	0.0068324	0.042437	0	0	0	0	0	0	0	0	0	0.10202	0.0016453	0.00069571	0	0.0018484	0.003556	0.0096202	0	0.0071422	0.0042419	0.018068	0.015058	0.0096113	0.0045042	0.014176	0.040066	0.034462	0.012674
-0.75	0	0	0	0	0	0	0.044705	0.05739	0.028226	0.069088	0	0.0031689	0	0	0	0	0	0	0	0.0016892	0	0	0	0	0.0035649	0.011128	0.007074	0.0035321	0.01054	0.0077524	0.015955	0.004408	0.0026964	0.008962	0.028223	0.023401	0.026337
-0.7	0	0	0	0	0	0	0.052193	0.056123	0.051686	0.11754	0.0095694	0.0061969	0.00078285	0	0	0	0.00075173	0	0	0	0.00075865	0	0	0	0.01048	0.0086359	0.05451	0.023045	0.0034241	0.010615	0.012234	0.0070924	0.007129	0.013453	0.022651	0.017103	0.037395
-0.65	0	0	0	0	0	0.00071814	0.040091	0.070972	0.097729	0.11455	0.10166	0.052506	0	0	0.0016198	0.00090048	0	0	0	0	0	0.017319	0	0	0.0099711	0.01234	0.0060568	0.024781	0.0043376	0.016282	0.020252	0.0070486	0.011574	0.014339	0.013658	0.013597	0.058812
-0.6	0	0	0	0	0	0	0.044655	0.065789	0.11593	0.10098	0.33522	0.13744	0.092595	0.004723	0.019149	0.0097531	0	0	0	0	0.00089158	0.07324	0.00091931	0	0.0018279	0.009348	0.0035614	0.0045489	0.014058	0.014433	0.015929	0.0044663	0.0026886	0.0063729	0.010908	0.016122	0.072631
-0.55	0	0	0	0	0	0.0016206	0.048315	0.051284	0.14162	0.079924	0.27139	0.17303	0.48847	0.26615	0.26454	0.14082	0.032524	0.00085747	0	0	0	0.0017807	0.006541	0	0.00084272	0.01773	0.0066282	0.004463	0.0088891	0.016563	0.017754	0.0088235	0.0079073	0.010516	0.01004	0.0063753	0.07547
-0.5	0	0	0	0	0	0.0027718	0.060361	0.054081	0.1207	0.026375	0.1072	0.13454	0.21044	0.63223	0.53282	0.37875	0.22994	0.056273	0	0	0.0024728	0	0	0.0018604	0.0025927	0.014754	0.043552	0.056387	0.0052947	0.015804	0.011639	0.0053764	0.012505	0.012583	0.0064285	0.014252	0.057405
-0.45	0	0	0	0	0	0.015135	0.041834	0.057307	0.099694	0.0067012	0.017402	0.03549	0.017503	0.01333	0.024979	0.10447	0.24821	0.31034	0.006642	0	0.015823	0.0013719	0	0	0.0086778	0.011477	0.0088604	0.024948	0.0078602	0.010435	0.011466	0.0035485	0.021528	0.016828	0.0055274	0.0054531	0.05273
-0.4	0	0	0	0	0	0.025263	0.056867	0.040894	0.075185	0.0015307	0.0072389	0.0054839	0	0	0.00098165	0.0025852	0.032713	0.083362	0.19867	0.073897	0.00082642	0	0.00095608	0.00094626	0.015131	0.012007	0.00093079	0.0035827	0.010756	0.0052515	0.018049	0.0035975	0.0053898	0.012466	0.0045186	0.007078	0.044465
-0.35	0	0	0	0	0.00097979	0.065586	0.047226	0.02972	0.038458	0.0006578	0	0	0	0	0	0	0	0.0017496	0.0085332	0.12722	0	0	0	0	0.0036763	0.0218	0.0052866	0.020305	0.0044161	0.02682	0.01499	0.00094116	0.012423	0.025932	0.0046022	0.0054128	0.03169
-0.3	0	0.0009773	0.00091507	0	0.014718	0.15293	0.025617	0.021306	0.027248	0	0.00089368	0.0015644	0	0	0	0	0	0	0	0.0064707	0.00088983	0.044142	0	0	0.00054253	0.018185	0.063485	0.061492	0.005225	0.012925	0.0089538	0.0017607	0.013212	0.013405	0.0099112	0.0080189	0.01915
-0.25	0.0019995	0.003996	0	0.00099189	0.15577	0.26179	0.022364	0.0078266	0.013787	0	0	0.00069107	0	0	0	0	0	0	0	0	0.0026311	0.14272	0.015026	0	0	0.0095107	0.022028	0.024802	0.0086654	0.011206	0.011544	0.0027855	0.014246	0.012712	0.0055004	0.0099174	0.014546
-0.2	0.017997	0.097028	0.0019998	0.10184	0.464	0.24452	0.020431	0.0085052	0.0034907	0.00090581	0	0	0	0	0	0	0	0	0	0	0	0.0008741	0.0028692	0.0019222	0	0.0052207	0.0014271	0.0050661	0.0026751	0.020274	0.017748	0.0026765	0.0070934	0.019621	0.0036099	0.010906	0.0061885
-0.15	0.56428	0.83633	0.84341	0.7669	0.3152	0.12849	0.013393	0.0026686	0.0057121	0	0	0	0.00098845	0	0	0	0	0.00089706	0	0	0.00088385	0	0	0	0.024192	0.014126	0.0017972	0.033501	0.0016207	0.021675	0.014116	0	0.014233	0.014246	0.0017825	0.0099764	0.0062636
-0.1	0.36521	0.058999	0.15202	0.12681	0.032501	0.042871	0.010993	0.0023392	0.0031888	0	0	0	0	0	0	0	0	0	0	0	0.0015955	0	0.00042538	0	0.030957	0.025208	0.089726	0.053966	0.017276	0.0096302	0.011567	0.0061952	0.01155	0.010802	0.0080501	0.010857	0.010791
-0.05	0.042992	0	0	0.00099863	0.0078939	0.017062	0.015096	0.0019397	0.0013144	0	0.00096645	0.00071207	0	0	0	0.00072815	0	0	0	0	0.02567	0	0.0032426	0.00046838	0.0028631	0.013461	0.026075	0.011991	0.0096808	0.026601	0.017752	0.0018062	0.012606	0.015125	0.0053942	0.0063027	0.0054088
0	0.0040006	0.00094619	0.00068947	0	0	0.004615	0.0098576	0.0032048	0.0026043	0.0024805	0.0016671	0.001716	0	0.0025989	0	0	0	0.00086338	0	0.00089377	0.016585	0	0	0	0	0.0057256	0.0024527	0.011751	0.0025082	0.016705	0.011585	0.0063021	0.0054321	0.019794	0.01094	0.0062658	0.014344
0.05	0.0010006	0	0	0.00046662	0.00099187	0.00098039	0.007781	0.0005442	0.00072501	0	0.0022622	0.00073461	0.0005628	0.0017973	0.0032358	0.0030972	0	0.00086013	0	0	0.0057461	0.10705	0.010354	0	0	0.01041	0.003583	0.04705	0.021459	0.016711	0.017734	0.0080395	0.0079401	0.0097464	0.0044938	0.0081849	0.0054517
0.1	0.0010004	0	0	0	0	0	0.0068427	0.0028616	0	0	0	0	0.0028983	0	0.0013969	0.00079231	0.0060851	0.10172	0.61938	0.10489	0.0025732	0.15615	0.19493	0.017138	0.011537	0.037667	0.053414	0.024758	0.026445	0.039343	0.024048	0.0044886	0.0070805	0.0071383	0.0036101	0.0062892	0.0072266
0.15	0	0	0	0	0	0	0.0036518	0.0030436	0.00056756	0	0	0	0	0	0	0.00084058	0.062456	0.23986	0.075811	0.054885	0.00087597	0	0	0.015249	0.10382	0.038077	0.053006	0.0071452	0.00092066	0.020006	0.023287	0.010534	0.006294	0.012503	0.0026848	0.0054398	0.012637
0.2	0	0	0	0	0	0	0.006246	0.00053947	0	0	0	0	0	0	0	0.03024	0.16015	0.042453	0	0	0	0	0	0.00064195	0.0075007	0.017281	0.0018012	0.022177	0.0098259	0.01137	0.017589	0.0062847	0.0053563	0.016007	0.0054463	0.0090589	0.01447
0.25	0	0	0	0	0	0	0.004097	0.00058153	0.00093693	0.00070768	0	0	0	0	0.00089783	0.1104	0.082907	0	0	0	0.0008521	0.00067625	0	0.0023226	0	0.005911	0	0.023903	0.065163	0.03849	0.022786	0.017826	0.01164	0.013547	0.0036214	0.0081513	0.013571
0.3	0.00099934	0	0	0	0	0	0.0026706	0.0017479	0	0.00096528	0	0	0	0	0.006543	0.10369	0.0034343	0	0	0	0.0017954	0	0	0	0	0.0059555	0.02395	0.009636	0.0096689	0.024586	0.015971	0.022041	0.014369	0.014242	0.0098776	0.0081818	0.013503
0.35	0	0	0	0	0	0	0.0015315	0	0	0	0	0	0	0	0.035273	0.01383	0	0	0	0	0.02902	0	0	0	0	0.014845	0.034732	0.0043314	0.007851	0.0087529	0.021989	0.024612	0.011776	0.018557	0.0063112	0.011694	0.015213
0.4	0	0	0	0	0	0	0.0020765	0.0015123	0.00097551	0	0	0.00080582	0	0.0058086	0.05401	0.0025415	0	0	0	0	0.071526	0.096619	0.4875	0.24935	0.067802	0.014402	0.0043491	0.029167	0.076353	0.033574	0.022906	0.062335	0.02054	0.016964	0.0053674	0.012827	0.013662
0.45	0	0	0	0	0	0	0.0019249	0.0012494	0.00099137	0	0	0.000855	0	0.0096564	0.0025158	0	0	0	0	0.00090396	0.0035244	0.086135	0.0037699	0.21822	0.15307	0.0076093	0	0.0087215	0.051111	0.017232	0.022067	0.043191	0.023871	0.01801	0.010741	0.014525	0.0070616
0.5	0	0	0	0	0	0	0.003222	0	0	0	0	0	0.019911	0.020208	0.0008854	0	0	0	0	0	0.0025873	0	0	0	0.00086907	0.01234	0.021423	0.00087969	0.0089051	0.01299	0.02214	0.063134	0.02847	0.014323	0.013495	0.020795	0.012709
0.55	0	0	0	0	0	0	0.0023701	0.00091341	0	0	0.00086079	0.00058077	0.083404	0.0085726	0	0.0019114	0.00098046	0.00098957	0.0035032	0.0027063	0.00086616	0	0	0	0	0.011584	0.045739	0.01841	0.076355	0.016747	0.013929	0.059002	0.039391	0.017979	0.019238	0.038259	0.012595
0.6	0	0	0	0	0	0	0.0044296	0.0012866	0.0006154	0.00097635	0	0.010705	0.033528	0.00094771	0	0	0	0.00076992	0.027457	0.094782	0	0	0	0	0	0.0025172	0.005196	0.027353	0.081538	0.020376	0.026667	0.076451	0.050174	0.023296	0.022421	0.069347	0.01622
0.65	0	0	0	0	0	0	0.0027846	0.0031329	0	0	0.00090002	0.033829	0.0073755	0	0	0	0.00078846	0.006888	0.0027868	0.00093512	0.0016265	0.0013176	0	0	0.0043493	0.0025746	0	0.0044251	0.0099018	0.0075575	0.020973	0.07111	0.075859	0.035039	0.03426	0.077238	0.017163
0.7	0	0	0	0	0	0	0.001489	0	0.0023997	0.00097265	0.0065558	0.11684	0.00095703	0	0	0	0.00074998	0.010822	0.00094771	0	0.0017007	0	0.13385	0.39663	0.1901	0.021947	0.010348	0.011375	0.033725	0.012356	0.015775	0.0609	0.075645	0.027565	0.036951	0.070807	0.012716
0.75	0	0	0	0	0	0	0.0011948	0.0015414	0.00052984	0	0.010127	0.15014	0	0	0	0	0.0018109	0.025734	0	0	0.049815	0.035886	0.050903	0.03126	0.050403	0.03096	0.034071	0.035438	0.062226	0.021517	0.017475	0.062865	0.070082	0.028613	0.02968	0.064335	0.015393
0.8	0	0.00094005	0	0	0	0	0.0030808	0.0012975	0	0.0020606	0.0036754	0.050332	0	0	0	0	0.0062412	0.0062616	0.0007946	0.0008795	0.14157	0.032636	0	0	0	0.011951	0.0060289	0.012293	0.0054405	0.0041434	0.011444	0.026867	0.062843	0.032381	0.03352	0.06539	0.022676
0.85	0	0	0	0	0	0	0.0027759	0.0010877	0.0011802	0.010814	0.012036	0.0053435	0	0	0	0	0.007936	0.0025344	0	0	0.017626	0.00089268	0	0	0	0.0025498	0.0016927	0.0025756	0.0080602	0.012892	0.021423	0.03592	0.046681	0.026734	0.020767	0.037247	0.014249
0.9	0	0	0	0	0	0	0.0026735	0.00059869	0.0014956	0.029655	0.018882	0.0015992	0	0	0	0.0025741	0.0088546	0.00087265	0	0	0.0017924	0	0	0	0	0.0061896	0.0053406	0.011643	0.046794	0.022391	0.01414	0.012648	0.025138	0.015186	0.02164	0.019063	0.014449
0.95	0	0	0	0	0	0	0.00089628	0.0023909	0.0044167	0.083859	0.011231	0.0016786	0	0	0	0.0017766	0.0039871	0	0	0	0	0	0	0	0.016076	0.030614	0.016552	0.013262	0.0089904	0.0097683	0.014022	0.01777	0.017889	0.012571	0.01271	0.011732	0.0098866
1	0	0	0	0	0	0	0.001702	0.0015917	0.0029013	0.093499	0.00915	0.0007408	0	0	0	0.0027564	0.0017395	0	0	0	0.00091013	0	0	0.01521	0.077326	0.050735	0.012795	0.0035575	0.001772	0.010468	0.016789	0.007007	0.015271	0.012403	0.011752	0.01433	0.011709
1.05	0	0	0	0	0	0	0.001338	0.00077549	0.0040185	0.073493	0.0056301	0.000745	0	0	0	0.0018225	0	0	0	0.14049	0	0.0017937	0.023933	0	0.0087448	0.023782	0.0032458	0.0044196	0.017702	0.012828	0.012376	0.0097658	0.014307	0.012254	0.006256	0.0062949	0.0062002
1.1	0	0	0	0	0	0	0.010525	0.035278	0.006593	0.045069	0.0026215	0	0	0	0	0.0075103	0.0013786	0.0031027	0.0054964	0.073646	0.11289	0.016553	0	0	0.012795	0.11168	0.057658	0.031137	0.038186	0.091148	0.0721	0.027177	0.036689	0.053981	0.019571	0.017826	0.034746
1.15	0	0	0	0	0	0	0	0	0	0	0	0	0	0	0	0	0	0	0	0	0	0	0	0	0	0	0	0	0	0	0	0	0	0	0	0	0
1.2	0	0	0	0	0	0	0	0	0	0	0	0	0	0	0	0	0	0	0	0	0	0	0	0	0	0	0	0	0	0	0	0	0	0	0	0	0
1.25	0	0	0	0	0	0	0	0	0	0	0	0	0	0	0	0	0	0	0	0	0	0	0	0	0	0	0	0	0	0	0	0	0	0	0	0	0
1.3	0	0	0	0	0	0	0	0	0	0	0	0	0	0	0	0	0	0	0	0	0	0	0	0	0	0	0	0	0	0	0	0	0	0	0	0	0
1.35	0	0	0	0	0	0	0	0	0	0	0	0	0	0	0	0	0	0	0	0	0	0	0	0	0	0	0	0	0	0	0	0	0	0	0	0	0
1.4	0	0	0	0	0	0	0	0	0	0	0	0	0	0	0	0	0	0	0	0	0	0	0	0	0	0	0	0	0	0	0	0	0	0	0	0	0
1.45	0	0	0	0	0	0	0	0	0	0	0	0	0	0	0	0	0	0	0	0	0	0	0	0	0	0	0	0	0	0	0	0	0	0	0	0	0
1.5	0	0	0	0	0	0	0	0	0	0	0	0	0	0	0	0	0	0	0	0	0	0	0	0	0	0	0	0	0	0	0	0	0	0	0	0	0
1.55	0	0	0	0	0	0	0	0	0	0	0	0	0	0	0	0	0	0	0	0	0	0	0	0	0	0	0	0	0	0	0	0	0	0	0	0	0
1.6	0	0	0	0	0	0	0	0	0	0	0	0	0	0	0	0	0	0	0	0	0	0	0	0	0	0	0	0	0	0	0	0	0	0	0	0	0
1.65	0	0	0	0	0	0	0	0	0	0	0	0	0	0	0	0	0	0	0	0	0	0	0	0	0	0	0	0	0	0	0	0	0	0	0	0	0
1.7	0	0	0	0	0	0	0	0	0	0	0	0	0	0	0	0	0	0	0	0	0	0	0	0	0	0	0	0	0	0	0	0	0	0	0	0	0
1.75	0	0	0	0	0	0	0	0	0	0	0	0	0	0	0	0	0	0	0	0	0	0	0	0	0	0	0	0	0	0	0	0	0	0	0	0	0
1.8	0	0	0	0	0	0	0	0	0	0	0	0	0	0	0	0	0	0	0	0	0	0	0	0	0	0	0	0	0	0	0	0	0	0	0	0	0
1.85	0	0	0	0	0	0	0	0	0	0	0	0	0	0	0	0	0	0	0	0	0	0	0	0	0	0	0	0	0	0	0	0	0	0	0	0	0
1.9	0	0	0	0	0	0	0	0	0	0	0	0	0	0	0	0	0	0	0	0	0	0	0	0	0	0	0	0	0	0	0	0	0	0	0	0	0
1.95	0	0	0	0	0	0	0	0	0	0	0	0	0	0	0	0	0	0	0	0	0	0	0	0	0	0	0	0	0	0	0	0	0	0	0	0	0
2	0	0	0	0	0	0	0	0	0	0	0	0	0	0	0	0	0	0	0	0	0	0	0	0	0	0	0	0	0	0	0	0	0	0	0	0	0
