# Data file generated by gp_save.m
# 
-2	0	0	0	0	0	0	0	0	0	0	0	0	0	0	0	0	0	0	0	0	0	0	0	0	0	0	0	0	0	0	0	0	0	0	0	0	0
-1.95	0	0	0	0	0	0	0	0	0	0	0	0	0	0	0	0	0	0	0	0	0	0	0	0	0	0	0	0	0	0	0	0	0	0	0	0	0
-1.9	0	0	0	0	0	0	0	0	0	0	0	0	0	0	0	0	0	0	0	0	0	0	0	0	0	0	0	0	0	0	0	0	0	0	0	0	0
-1.85	0	0	0	0	0	0	0	0	0	0	0	0	0	0	0	0	0	0	0	0	0	0	0	0	0	0	0	0	0	0	0	0	0	0	0	0	0
-1.8	0	0	0	0	0	0	0	0	0	0	0	0	0	0	0	0	0	0	0	0	0	0	0	0	0	0	0	0	0	0	0	0	0	0	0	0	0
-1.75	0	0	0	0	0	0	0	0	0	0	0	0	0	0	0	0	0	0	0	0	0	0	0	0	0	0	0	0	0	0	0	0	0	0	0	0	0
-1.7	0	0	0	0	0	0	0	0	0	0	0	0	0	0	0	0	0	0	0	0	0	0	0	0	0	0	0	0	0	0	0	0	0	0	0	0	0
-1.65	0	0	0	0	0	0	0	0	0	0	0	0	0	0	0	0	0	0	0	0	0	0	0	0	0	0	0	0	0	0	0	0	0	0	0	0	0
-1.6	0	0	0	0	0	0	0	0	0	0	0	0	0	0	0	0	0	0	0	0	0	0	0	0	0	0	0	0	0	0	0	0	0	0	0	0	0
-1.55	0	0	0	0	0	0	0	0	0	0	0	0	0	0	0	0	0	0	0	0	0	0	0	0	0	0	0	0	0	0	0	0	0	0	0	0	0
-1.5	0	0	0	0	0	0	0	0	0	0	0	0	0	0	0	0	0	0	0	0	0	0	0	0	0	0	0	0	0	0	0	0	0	0	0	0	0
-1.45	0	0	0	0	0	0	0	0	0	0	0	0	0	0	0	0	0	0	0	0	0	0	0	0	0	0	0	0	0	0	0	0	0	0	0	0	0
-1.4	0	0	0	0	0	0	0	0	0	0	0	0	0	0	0	0	0	0	0	0	0	0	0	0	0	0	0	0	0	0	0	0	0	0	0	0	0
-1.35	0	0	0	0	0	0	0	0	0	0	0	0	0	0	0	0	0	0	0	0	0	0	0	0	0	0	0	0	0	0	0	0	0	0	0	0	0
-1.3	0	0	0	0	0	0	0	0	0	0	0	0	0	0	0	0	0	0	0	0	0	0	0	0	0	0	0	0	0	0	0	0	0	0	0	0	0
-1.25	0	0	0	0	0	0	0	0	0	0	0	0	0	0	0	0	0	0	0	0	0	0	0	0	0	0	0	0	0	0	0	0	0	0	0	0	0
-1.2	0	0	0	0	0	0	0	0	0	0	0	0	0	0	0	0	0	0	0	0	0	0	0	0	0	0	0	0	0	0	0	0	0	0	0	0	0
-1.15	0	0	0	0	0	0	0	0	0	0	0	0	0	0	0	0	0	0	0	0	0	0	0	0	0	0	0	0	0	0	0	0	0	0	0	0	0
-1.1	0.00060911	0.00051918	0.0015858	0	0	0	0	0	0	0	0	0	0	0	0	0	0	0.26717	0.10851	0	7.1394e-19	1.1144e-19	0	0	0.0094986	0.12721	0.059626	0.00084772	0.037705	0.020157	0.03269	0.013441	0.1021	0.07973	0	0	0.030679
-1.05	0	0	0	0	0	0	0	0	0	0	0	0	0	0	0	9.8418e-20	0	0.00089256	0	0	0	0.00093887	0.00092521	0	0	0	0	0.00089862	0.057075	0.0044332	0.0097405	0.001873	0.0088403	0.02435	0	0	0.0091122
-1	0	0	0	0	0	0	0	0	0	0	0	0	0	0	0	0	0	0	0	0	0	0	0	0.0028438	0.37347	0.072205	0.011362	0	0.043516	0.0098926	0.015132	0.011071	0.0089358	0.016127	0	0	0.0044036
-0.95	0	0	0	0	0	0	0	0	0	0	0	0	0	0	0	0	0	0	0	0	0	0	0	0.092751	0.51595	0.12659	0.037281	0	0.0027553	0.0036581	0.011669	0.012959	0.0060547	0.016973	0.00090683	0	0.0063403
-0.9	0	0	0	0	0	0	0	0	0	0	0	0	0	0	0	0	0	0	0	0	0	0	0	0	0.0028009	0	0.0071878	0.00093185	0.048349	0.026247	0.018666	0.016415	0.008873	0.014411	0	0	0.0063862
-0.85	0	0	0	0	0	0	0	0	0	0	0	0	0	0	0	0	0	0	0	0.042038	0	0	0	0	0	0	0	0	0.095849	0.046124	0.014967	0.050158	0.01063	0.022686	0	0	0.0072987
-0.8	0	0	0	0	0	0	0	0	0	0	0	0	0	0	0.00093993	0.024279	0.0016225	0	0.0016337	0.1136	0	1.1377e-19	0	0	0	0	0.011422	0	0.0045219	0.013553	0.0080187	0.031602	0.0070165	0.017779	0	0	0.0063313
-0.75	0	0	0	0	0	0.00028904	0	0	0	0	0	0	0	0	0	0.00097347	0.0043816	0	0.017749	0	0.00098664	0.030275	0.0046706	0	0.012453	0.026007	0.06152	0.0009224	0.023817	0.045343	0.0054106	0.10764	0.0052922	0.01707	0	0	0.0055122
-0.7	0	0	0	0	0	0.00097777	0	0	0	0	0	0	0	0	0	0	0	0.0041653	0.19529	0	0	0.16849	0.10522	0.22996	0.030637	0.067092	0.0053122	0.0073597	0.14968	0.072452	0.0018424	0.056181	0.0061876	0.018873	0	0	0.015651
-0.65	0	0	0	0	0	0	0	0	0	0	0	0	0	0	0	0	0	0.060631	0.068229	0	0	0	0.0027948	0.33577	0	0	0	0	0.030377	0.011686	0.0053677	0.13837	0.0061626	0.013391	0	0	0.029306
-0.6	0	0	0	0	0	0.00098777	0	0	0	0	0	0	0	0	0	0	0	0.088057	0.00173	0	0	0	1.1642e-19	0	0	0	0.0053135	0.00087141	0.0028233	0.028277	0.0045865	0.082463	0.0077791	0.025405	1.1115e-20	0	0.022036
-0.55	0	0	0	0	0	0	0	0	0	0	0	0	0	0	0	0	0	0.086938	0	0	0	0	0	0	0	0	0.06101	0.057989	0.064346	0.033569	0.003638	0.071372	0.0070024	0.016749	0	0	0.015432
-0.5	0.00097824	0	0	0	0	0.00099169	0	0	0	0	0	0	0	0	0	0	0	0.018336	0	1.0164e-19	0	0	0	0	0	0.015626	0.0080531	0.14982	0.042877	0.003564	0.0044436	0.094633	0.021178	0.011653	0	0	0.038609
-0.45	0	0	0	0.00082535	0	0	0	0	1.2693e-07	0	0	0	0	0	0	0	0	0.00088683	0	0	0	0	0	0	0	0.027342	0	0.018912	0	0.009971	0.0054473	0.023252	0.0077368	0.017033	0	0	0.041562
-0.4	0	0	0	0	0	0.00097318	0	0	0.0013866	0	0	0	0	0	0	0	0	0	0	0.1497	1.4622e-19	0.0084716	0.59813	0.25723	1.9578e-19	0	0.0017698	0.1374	0.0056252	0.021854	0.0088513	0.070697	0.018551	0.024308	0.00083455	0	0.033039
-0.35	0	0	0	0	0	0.00098738	0.00090407	0	0	0	0	0	0	0	0	0	0	0	0	0.092866	0.52282	0.67714	0.051816	0.0015275	0	0	0.059085	0.4026	0.052464	0.00092578	0.0098873	0.016756	0.024915	0.026126	0.00094759	0.0037476	0.029618
-0.3	0.00099571	0	0	0	0	0.00097697	0	0	0.00098524	0	0	0.00078335	0	0	0	0	0	0	0	0	0	0	0	0	0	0	0.010472	0.048975	0.00094239	0.0055012	0.020016	0.034277	0.034429	0.025023	0.00096399	0.0066041	0.02684
-0.25	0.0069895	0	0	0.00091195	0.0009956	0	0	0.00086526	0	0	5.0155e-11	0	0	0	0	0	0	0	0	0	0	0	0	0	0	0.018106	0	0.0047105	0	0.010953	0.029913	0.020431	0.031008	0.028688	0.018248	0.033172	0.036911
-0.2	0.013926	0	0	0	0.0030012	0	0.00099179	0.00096543	0	0	0.00098565	7.0575e-19	0	0	0	0	2.773e-19	0	0.0071797	0	0	0	0	0	0	0.0044667	0.00086576	0.046596	0.018395	0.00089633	0.023399	0.007451	0.049604	0.033148	0.12207	0.19868	0.057927
-0.15	0.040009	0.00099875	0	0	0.0023281	0	0.0019082	0.00092681	0.0019633	0	0.0019347	0	0	0	0	0	0.00097455	0.00083037	0.047016	0	0	0	0	0	0	0	0.052247	0.0138	0.012696	0.0035565	0.058868	0.010236	0.046909	0.037745	0.33783	0.51399	0.078631
-0.1	0.13999	0.0039993	0	0	0	0	0.0031751	0.0019831	0.0028415	0.00099419	0.01889	0.0036739	0	0	0	0.00088029	0.002664	0.0023681	0.0052383	0	0	0	0.060042	0.019299	1.5233e-19	0	0.021481	0.00095124	0	0.0063571	0.034508	0.0018131	0.03549	0.017184	0.33706	0.16469	0.085747
-0.05	0.41217	0.057005	0.017892	0.0070039	0.0069562	0.04603	0.21916	0.93875	0.97635	0.98879	0.9381	0.9551	0.98885	0.76661	0.2218	0.65185	0.046171	0.0032496	0.001653	0	0	0	0.082488	0	0	0	0.00092061	4.3037e-20	0.0027196	0	0.034447	0.0044962	0.040008	0.010849	0.11968	0.021906	0.059063
0	0.32518	0.45631	0.75756	0.97788	0.97274	0.94477	0.77062	0.05003	0.012997	0.0019691	0.032861	0.033893	0.0028996	0.22553	0.77051	0.29936	0.066967	0.0077975	0.0037477	0	0	0.054294	0	0	0	0.026428	0	0.0018011	0.034961	0.0063482	0.03257	0.0008591	0.025618	0.0089545	0.023295	0.0029022	0.047956
0.05	0.047953	0.42728	0.20813	0.0050001	0.011002	0	0	0	0	0	0	0	0.00093301	0	0	0	0.027396	0.05516	0.0017497	0.29044	0.44131	0.010673	0	0	7.1338e-10	0.0026478	0.040851	0.00086848	0.002722	0.01182	0.012745	0.0055211	0.024953	0.016441	0.0019548	0.0008946	0.035913
0.1	0.0089405	0.040967	0.0059997	0	0	0	0.00099471	0	0	0.00081113	0	0	0.00097956	0	0	0	0.00085419	0.017739	0	0.024408	0.00067474	0	3.1561e-09	8.2108e-09	0	0.00080522	0.035676	0	0.00090488	0.0009213	0.033425	0	0.020316	0.0098859	0	0	0.017678
0.15	0.00099898	0.0019804	0	0.00099775	0.00097628	0.00097092	0	0.00098956	0	0	0	0	0	0	0	0	0.00097559	0.0026145	0	0	0	0	0	0	0	0	0	0	0.021033	0.016522	0.010017	0.0017805	0.011609	0.010864	0	0.00088686	0.01281
0.2	0	0.00099909	0	0.002997	0	0	0	0	0	0	0	0	0.0012209	0	0	0.00099512	0	0.00088645	0	7.448e-17	0	1.4028e-06	0	0.0067535	0	0	0.00094144	0.00091741	0.019321	0.049963	0.019008	0.0027544	0.012191	0.012708	0	0.00089606	0.011985
0.25	0	0.0059943	0.00099681	0.0033762	0	0	0	0	0	0.00086525	0	0	0	0	0	0	0	0	0.0008185	7.8396e-05	0	0	0.0093727	0	0	0.051537	0.038064	0	0	0.0082194	0.026332	0	0.02127	0.012449	0	0	0.016492
0.3	0	0.0019969	0.0019983	0	0	0	0	0.00099587	0	0.00098131	0	0	0	0.00098786	0	0	0	0	0.0018186	0	0	0	0	0	1.9417e-19	0.0036209	0.066027	0.00091974	0.0046085	0.038937	0.0053602	3.1119e-20	0.0088954	0.014521	0	0	0.0073874
0.35	0	0	0.00099947	0	0	0	0	0	0	0	0	0	0	0	0	0	0	0	0.022143	0	0	0	0	0	0	0.00089789	0.0017834	0	0.026523	0.10738	0.050192	0.0018437	0.017794	0.015291	0	0	0.00912
0.4	0	0	0.003942	0	0	0	0	0.00099691	0	0	0	0	0	1.2713e-06	0	0	0	0	0.043629	0	0	0.0028101	0	0	0	0	0	0.0009382	0.0026811	0.01997	0.02367	0.00090906	0.016697	0.016827	0	0	0.010942
0.45	0	0	0	0	0	0	0	0.00084837	0	0.00099495	0	0	0	0	0	0	0	0	0.0076199	0.0026521	0.0039273	0	0	0	0.00092674	0.020769	0.014287	0.0018438	0.00089673	0.050864	0.023702	0.0028094	0.021116	0.015286	0	0	0.0064273
0.5	0	0	0	0	0	0	0	1.2532e-09	0	5.8387e-05	0	0	0	0	0	0	0	0	0.00086979	0.12643	0	0	0	0.0038231	0	0.081533	0.057155	0.004443	0.024279	0.075397	0.050353	0.0036439	0.019577	0.014321	0	0	0.010923
0.55	0	0	0	0	0	0	0	0	0	0	0	0	0	0	0	0	0	0.00085636	0.00072774	0.010148	0	0	0.004585	0	0	0.0090048	0.0088763	0.0018401	0.010797	0.0064243	0.015549	0.0036697	0.012411	0.01721	0	0.00091643	0.0063575
0.6	0	0	0	0	0	0	0	0	0	0	0	0	0	0	0	0	0.0045452	0	0	0	0	0	0.0017891	0	0	0	0	0.00092864	0	0.014364	0.039704	0.0027623	0.016832	0.016144	0	0	0.011735
0.65	0	0	0	0	0	0	0	0	0	0	0	0	0	0	0	0	0.30706	0.022479	0	0	0	0	0	0	0	0	0.0026417	0.0018267	0.0026767	0.018069	0.037942	0.0018032	0.016819	0.016265	0	0	0.0073454
0.7	0	0	0	0	0	0	0	0	0	0	0	0	0	0	0	0	0.43521	0.12096	0	0	0	4.5567e-19	0	0	0	0.074783	0.036191	0.0035934	0.017119	0.0036116	0.016444	0.0017957	0.016901	0.0096483	0	0	0.0082385
0.75	0	0	0	0	0	0	0	0	0	0	0	0	0	0	0	2.2189e-19	0.0089725	0.051531	0	0	0	0	0	0.00094553	0.002819	0.034941	0.0097036	0.0018016	0.0018277	0.0054529	0.042536	0.0018313	0.017043	0.017042	0	0	0.0063877
0.8	0	0	0	0	0	0	0	0	0	0	0	0	0	0	0	0	0	0.014747	0.00096543	0	0	0.00094754	0	0	0	0	5.0284e-20	2.3753e-20	0	0.0089075	0.02169	0.00088826	0.0027103	0.016098	0	0.00090873	0.0018342
0.85	0	0	0	0	0	0	0	0	0	0	0	0	0	0	0	0	0	0.013511	0.019846	0	0	0	0	0	0	0	0	0.00176	0.0081768	0.00091017	0.016357	0.0036104	0.014976	0.0099661	0	0	0.003605
0.9	0	0	0	0	0	0	0	0	0	0	0	0	0	0	0	0	0	0.0033701	0.22319	0.005396	0	0	0.0018762	0	0	0.0027197	0.0052126	0.0018385	0.0081163	0.0036518	0.013592	0.0018113	0.0071248	0.012655	0	0	0.0036964
0.95	0	0	0	0	0	0	0	0	0	0	0	0.00099463	0	0	0.00081223	0	9.711e-20	0	0.069034	0.051561	0	0	0.00089132	0	0	0.061375	0.0222	0.00090869	0.00091157	0.010784	0.0071906	0.00092532	0.012273	0.012428	0	0	0.0054126
1	0	0	0	0	0	0	0	0	0	0	0	0	0	0	0	0	0	0	0.004185	0.011696	0	0	1.0547e-19	2.9847e-19	0	0.0060181	0.0017882	0.00094178	0.002731	0.0017875	0.0072081	0	0.0071225	0.015349	0	0	0.0018668
1.05	0	0	0	0	0	0	0	0	0	0	0	0	2.0393e-19	0	0	0	0	0	0	0	0	0	0	0.00090003	0	0	0	0	0.0054849	0.0071549	0.0026829	0	0.0078568	0.010501	0.00088045	0	0.0064153
1.1	0	0.00063506	0	0	0	0	0	0	0	0	0	0	0	0	0	0	0	0	0.00074484	0	0	0.0016717	0.0043558	2.8688e-19	0.00080855	0.031733	0.11768	0.004141	0.013345	0.053546	0.027222	0.0078584	0.049171	0.074408	0	0.00072537	0.015662
1.15	0	0	0	0	0	0	0	0	0	0	0	0	0	0	0	0	0	0	0	0	0	0	0	0	0	0	0	0	0	0	0	0	0	0	0	0	0
1.2	0	0	0	0	0	0	0	0	0	0	0	0	0	0	0	0	0	0	0	0	0	0	0	0	0	0	0	0	0	0	0	0	0	0	0	0	0
1.25	0	0	0	0	0	0	0	0	0	0	0	0	0	0	0	0	0	0	0	0	0	0	0	0	0	0	0	0	0	0	0	0	0	0	0	0	0
1.3	0	0	0	0	0	0	0	0	0	0	0	0	0	0	0	0	0	0	0	0	0	0	0	0	0	0	0	0	0	0	0	0	0	0	0	0	0
1.35	0	0	0	0	0	0	0	0	0	0	0	0	0	0	0	0	0	0	0	0	0	0	0	0	0	0	0	0	0	0	0	0	0	0	0	0	0
1.4	0	0	0	0	0	0	0	0	0	0	0	0	0	0	0	0	0	0	0	0	0	0	0	0	0	0	0	0	0	0	0	0	0	0	0	0	0
1.45	0	0	0	0	0	0	0	0	0	0	0	0	0	0	0	0	0	0	0	0	0	0	0	0	0	0	0	0	0	0	0	0	0	0	0	0	0
1.5	0	0	0	0	0	0	0	0	0	0	0	0	0	0	0	0	0	0	0	0	0	0	0	0	0	0	0	0	0	0	0	0	0	0	0	0	0
1.55	0	0	0	0	0	0	0	0	0	0	0	0	0	0	0	0	0	0	0	0	0	0	0	0	0	0	0	0	0	0	0	0	0	0	0	0	0
1.6	0	0	0	0	0	0	0	0	0	0	0	0	0	0	0	0	0	0	0	0	0	0	0	0	0	0	0	0	0	0	0	0	0	0	0	0	0
1.65	0	0	0	0	0	0	0	0	0	0	0	0	0	0	0	0	0	0	0	0	0	0	0	0	0	0	0	0	0	0	0	0	0	0	0	0	0
1.7	0	0	0	0	0	0	0	0	0	0	0	0	0	0	0	0	0	0	0	0	0	0	0	0	0	0	0	0	0	0	0	0	0	0	0	0	0
1.75	0	0	0	0	0	0	0	0	0	0	0	0	0	0	0	0	0	0	0	0	0	0	0	0	0	0	0	0	0	0	0	0	0	0	0	0	0
1.8	0	0	0	0	0	0	0	0	0	0	0	0	0	0	0	0	0	0	0	0	0	0	0	0	0	0	0	0	0	0	0	0	0	0	0	0	0
1.85	0	0	0	0	0	0	0	0	0	0	0	0	0	0	0	0	0	0	0	0	0	0	0	0	0	0	0	0	0	0	0	0	0	0	0	0	0
1.9	0	0	0	0	0	0	0	0	0	0	0	0	0	0	0	0	0	0	0	0	0	0	0	0	0	0	0	0	0	0	0	0	0	0	0	0	0
1.95	0	0	0	0	0	0	0	0	0	0	0	0	0	0	0	0	0	0	0	0	0	0	0	0	0	0	0	0	0	0	0	0	0	0	0	0	0
2	0	0	0	0	0	0	0	0	0	0	0	0	0	0	0	0	0	0	0	0	0	0	0	0	0	0	0	0	0	0	0	0	0	0	0	0	0
