
# Surface 0 of 1 surfaces

# Curve title: "sprintf('fM_M%d_max-rE.dat', M) u 1:2:($3/1000) binary matrix"

# Contour 0, label:        2
-0.368174 -1.27007 2 
-0.369174 -1.28043 2 
-0.370176 -1.2908 2 
-0.371181 -1.30117 2 
-0.372189 -1.31154 2 
-0.373201 -1.32191 2 
-0.374215 -1.33227 2 
-0.375231 -1.34264 2 
-0.376251 -1.35301 2 
-0.377274 -1.36338 2 
-0.378299 -1.37375 2 
-0.378428 -1.37505 2 
-0.379302 -1.38411 2 
-0.380304 -1.39448 2 
-0.381309 -1.40485 2 
-0.382316 -1.41522 2 
-0.383327 -1.42559 2 
-0.38434 -1.43595 2 
-0.385356 -1.44632 2 
-0.386375 -1.45669 2 
-0.387397 -1.46706 2 
-0.388421 -1.47742 2 
-0.388796 -1.48122 2 
-0.38943 -1.48779 2 
-0.390432 -1.49816 2 

# Contour 1, label: 
-0.278019 -0.347324 2 
-0.279026 -0.357692 2 
-0.280037 -0.36806 2 
-0.281053 -0.378428 2 
-0.282072 -0.388796 2 
-0.283095 -0.399164 2 
-0.284121 -0.409532 2 
-0.285117 -0.419558 2 
-0.28515 -0.4199 2 
-0.286145 -0.430268 2 
-0.287144 -0.440635 2 
-0.288147 -0.451003 2 
-0.289154 -0.461371 2 
-0.290164 -0.471739 2 
-0.291178 -0.482107 2 
-0.292196 -0.492475 2 
-0.293218 -0.502843 2 
-0.294243 -0.513211 2 
-0.295272 -0.523579 2 
-0.295485 -0.52573 2 
-0.296275 -0.533947 2 
-0.297273 -0.544314 2 
-0.298275 -0.554682 2 
-0.299281 -0.56505 2 
-0.300291 -0.575418 2 
-0.301304 -0.585786 2 
-0.302321 -0.596154 2 
-0.303342 -0.606522 2 
-0.304366 -0.61689 2 
-0.305393 -0.627258 2 
-0.305853 -0.6319 2 
-0.306404 -0.637625 2 
-0.307402 -0.647993 2 
-0.308404 -0.658361 2 
-0.309409 -0.668729 2 
-0.310418 -0.679097 2 
-0.311431 -0.689465 2 
-0.312446 -0.699833 2 
-0.313466 -0.710201 2 
-0.314488 -0.720569 2 
-0.315515 -0.730936 2 
-0.316221 -0.738064 2 
-0.316533 -0.741304 2 
-0.317531 -0.751672 2 
-0.318532 -0.76204 2 
-0.319537 -0.772408 2 
-0.320545 -0.782776 2 
-0.321557 -0.793144 2 
-0.322572 -0.803512 2 
-0.32359 -0.81388 2 
-0.324612 -0.824247 2 
-0.325636 -0.834615 2 
-0.326589 -0.844222 2 
-0.326662 -0.844983 2 
-0.32766 -0.855351 2 
-0.32866 -0.865719 2 
-0.329665 -0.876087 2 
-0.330672 -0.886455 2 
-0.331683 -0.896823 2 
-0.332697 -0.907191 2 
-0.333715 -0.917559 2 
-0.334735 -0.927926 2 
-0.335759 -0.938294 2 
-0.336786 -0.948662 2 
-0.336957 -0.950391 2 
-0.337788 -0.95903 2 
-0.338789 -0.969398 2 
-0.339792 -0.979766 2 
-0.340799 -0.990134 2 
-0.34181 -1.0005 2 
-0.342823 -1.01087 2 
-0.343839 -1.02124 2 
-0.344859 -1.03161 2 
-0.345881 -1.04197 2 
-0.346907 -1.05234 2 
-0.347324 -1.05656 2 
-0.347917 -1.06271 2 
-0.348917 -1.07308 2 
-0.34992 -1.08344 2 
-0.350927 -1.09381 2 
-0.351936 -1.10418 2 
-0.352949 -1.11455 2 
-0.353964 -1.12492 2 
-0.354983 -1.13528 2 
-0.356004 -1.14565 2 
-0.357029 -1.15602 2 
-0.357692 -1.16273 2 
-0.358046 -1.16639 2 
-0.359045 -1.17676 2 
-0.360048 -1.18712 2 
-0.361054 -1.19749 2 
-0.362063 -1.20786 2 
-0.363074 -1.21823 2 
-0.364089 -1.2286 2 
-0.365107 -1.23896 2 
-0.366128 -1.24933 2 
-0.367151 -1.2597 2 
-0.36806 -1.26889 2 
-0.368174 -1.27007 2 

# Contour 2, label: 
-0.18788 0.575418 2 
-0.188903 0.56505 2 
-0.189932 0.554682 2 
-0.190966 0.544314 2 
-0.191806 0.535922 2 
-0.191995 0.533947 2 
-0.192983 0.523579 2 
-0.193976 0.513211 2 
-0.194975 0.502843 2 
-0.19598 0.492475 2 
-0.196991 0.482107 2 
-0.198007 0.471739 2 
-0.199028 0.461371 2 
-0.200055 0.451003 2 
-0.201087 0.440635 2 
-0.202124 0.430268 2 
-0.202174 0.429766 2 
-0.203114 0.4199 2 
-0.204107 0.409532 2 
-0.205106 0.399164 2 
-0.20611 0.388796 2 
-0.207119 0.378428 2 
-0.208134 0.36806 2 
-0.209154 0.357692 2 
-0.210178 0.347324 2 
-0.211208 0.336957 2 
-0.212243 0.326589 2 
-0.212542 0.323589 2 
-0.213246 0.316221 2 
-0.214238 0.305853 2 
-0.215236 0.295485 2 
-0.21624 0.285117 2 
-0.217248 0.274749 2 
-0.218261 0.264381 2 
-0.219279 0.254013 2 
-0.220302 0.243645 2 
-0.22133 0.233278 2 
-0.222363 0.22291 2 
-0.22291 0.21742 2 
-0.223377 0.212542 2 
-0.224369 0.202174 2 
-0.225367 0.191806 2 
-0.226369 0.181438 2 
-0.227376 0.17107 2 
-0.228389 0.160702 2 
-0.229405 0.150334 2 
-0.230427 0.139967 2 
-0.231453 0.129599 2 
-0.232483 0.119231 2 
-0.233278 0.11126 2 
-0.233508 0.108863 2 
-0.2345 0.098495 2 
-0.235497 0.0881271 2 
-0.236499 0.0777592 2 
-0.237505 0.0673913 2 
-0.238516 0.0570234 2 
-0.239531 0.0466555 2 
-0.240552 0.0362876 2 
-0.241576 0.0259197 2 
-0.242605 0.0155518 2 
-0.243638 0.00518395 2 
-0.243645 0.00510657 2 
-0.24463 -0.00518395 2 
-0.245627 -0.0155518 2 
-0.246628 -0.0259197 2 
-0.247633 -0.0362876 2 
-0.248643 -0.0466555 2 
-0.249658 -0.0570234 2 
-0.250676 -0.0673913 2 
-0.251699 -0.0777592 2 
-0.252726 -0.0881271 2 
-0.253758 -0.098495 2 
-0.254013 -0.101071 2 
-0.25476 -0.108863 2 
-0.255757 -0.119231 2 
-0.256757 -0.129599 2 
-0.257762 -0.139967 2 
-0.258771 -0.150334 2 
-0.259784 -0.160702 2 
-0.260802 -0.17107 2 
-0.261823 -0.181438 2 
-0.262849 -0.191806 2 
-0.263878 -0.202174 2 
-0.264381 -0.20724 2 
-0.26489 -0.212542 2 
-0.265886 -0.22291 2 
-0.266886 -0.233278 2 
-0.26789 -0.243645 2 
-0.268899 -0.254013 2 
-0.269911 -0.264381 2 
-0.270927 -0.274749 2 
-0.271947 -0.285117 2 
-0.272971 -0.295485 2 
-0.273999 -0.305853 2 
-0.274749 -0.313402 2 
-0.27502 -0.316221 2 
-0.276016 -0.326589 2 
-0.277015 -0.336957 2 
-0.278019 -0.347324 2 

# Contour 3, label: 
-0.0978028 1.49816 2 
-0.098495 1.49139 2 
-0.0988309 1.48779 2 
-0.0997973 1.47742 2 
-0.100775 1.46706 2 
-0.101765 1.45669 2 
-0.102765 1.44632 2 
-0.103776 1.43595 2 
-0.104797 1.42559 2 
-0.105829 1.41522 2 
-0.10687 1.40485 2 
-0.107921 1.39448 2 
-0.108863 1.38525 2 
-0.108969 1.38411 2 
-0.109938 1.37375 2 
-0.110916 1.36338 2 
-0.111905 1.35301 2 
-0.112904 1.34264 2 
-0.113913 1.33227 2 
-0.114931 1.32191 2 
-0.115959 1.31154 2 
-0.116995 1.30117 2 
-0.11804 1.2908 2 
-0.119094 1.28043 2 
-0.119231 1.27908 2 
-0.120076 1.27007 2 
-0.121055 1.2597 2 
-0.122044 1.24933 2 
-0.123042 1.23896 2 
-0.124048 1.2286 2 
-0.125064 1.21823 2 
-0.126088 1.20786 2 
-0.127121 1.19749 2 
-0.128161 1.18712 2 
-0.12921 1.17676 2 
-0.129599 1.1729 2 
-0.130212 1.16639 2 
-0.131192 1.15602 2 
-0.132181 1.14565 2 
-0.133178 1.13528 2 
-0.134183 1.12492 2 
-0.135196 1.11455 2 
-0.136217 1.10418 2 
-0.137246 1.09381 2 
-0.138283 1.08344 2 
-0.139327 1.07308 2 
-0.139967 1.06674 2 
-0.140348 1.06271 2 
-0.141328 1.05234 2 
-0.142316 1.04197 2 
-0.143312 1.03161 2 
-0.144316 1.02124 2 
-0.145328 1.01087 2 
-0.146347 1.0005 2 
-0.147373 0.990134 2 
-0.148406 0.979766 2 
-0.149446 0.969398 2 
-0.150334 0.960584 2 
-0.150482 0.95903 2 
-0.151463 0.948662 2 
-0.152451 0.938294 2 
-0.153446 0.927926 2 
-0.154449 0.917559 2 
-0.155459 0.907191 2 
-0.156476 0.896823 2 
-0.157499 0.886455 2 
-0.158529 0.876087 2 
-0.159566 0.865719 2 
-0.16061 0.855351 2 
-0.160702 0.854424 2 
-0.161597 0.844983 2 
-0.162585 0.834615 2 
-0.16358 0.824247 2 
-0.164581 0.81388 2 
-0.16559 0.803512 2 
-0.166605 0.793144 2 
-0.167626 0.782776 2 
-0.168653 0.772408 2 
-0.169687 0.76204 2 
-0.170727 0.751672 2 
-0.17107 0.748246 2 
-0.17173 0.741304 2 
-0.172718 0.730936 2 
-0.173712 0.720569 2 
-0.174713 0.710201 2 
-0.17572 0.699833 2 
-0.176733 0.689465 2 
-0.177753 0.679097 2 
-0.178778 0.668729 2 
-0.179809 0.658361 2 
-0.180846 0.647993 2 
-0.181438 0.642079 2 
-0.181863 0.637625 2 
-0.18285 0.627258 2 
-0.183844 0.61689 2 
-0.184844 0.606522 2 
-0.18585 0.596154 2 
-0.186862 0.585786 2 
-0.18788 0.575418 2 

# Contour 4, label: 
-1.17225 0.129599 2 
-1.17676 0.120392 2 
-1.17734 0.119231 2 
-1.18251 0.108863 2 
-1.18712 0.0994253 2 
-1.18759 0.098495 2 
-1.19276 0.0881271 2 
-1.19749 0.0784583 2 
-1.19784 0.0777592 2 
-1.20302 0.0673913 2 
-1.20786 0.0574913 2 
-1.20809 0.0570234 2 
-1.21327 0.0466555 2 
-1.21823 0.0365242 2 
-1.21835 0.0362876 2 
-1.22352 0.0259197 2 
-1.2286 0.0155571 2 
-1.23378 0.00518395 2 
-1.23885 -0.00518395 2 
-1.23896 -0.00540737 2 
-1.24403 -0.0155518 2 
-1.24911 -0.0259197 2 
-1.24933 -0.0263719 2 
-1.25428 -0.0362876 2 
-1.25937 -0.0466555 2 
-1.2597 -0.0473366 2 
-1.26454 -0.0570234 2 
-1.26962 -0.0673913 2 
-1.27007 -0.0683012 2 
-1.27479 -0.0777592 2 
-1.27988 -0.0881271 2 
-1.28043 -0.089266 2 
-1.28505 -0.098495 2 
-1.29014 -0.108863 2 
-1.2908 -0.110231 2 
-1.2953 -0.119231 2 
-1.30039 -0.129599 2 
-1.30117 -0.131196 2 
-1.30555 -0.139967 2 
-1.31065 -0.150334 2 
-1.31154 -0.152161 2 
-1.31581 -0.160702 2 
-1.3209 -0.17107 2 
-1.32191 -0.173126 2 
-1.32606 -0.181438 2 
-1.33116 -0.191806 2 
-1.33227 -0.194091 2 
-1.33631 -0.202174 2 
-1.34141 -0.212542 2 
-1.34264 -0.215056 2 
-1.34657 -0.22291 2 
-1.35167 -0.233278 2 
-1.35301 -0.236021 2 
-1.35682 -0.243645 2 
-1.36193 -0.254013 2 
-1.36338 -0.256987 2 
-1.36707 -0.264381 2 
-1.37218 -0.274749 2 
-1.37375 -0.277952 2 
-1.37733 -0.285117 2 
-1.38244 -0.295485 2 
-1.38411 -0.298917 2 
-1.38758 -0.305853 2 
-1.39269 -0.316221 2 
-1.39448 -0.319883 2 
-1.39783 -0.326589 2 
-1.40295 -0.336957 2 
-1.40485 -0.340848 2 
-1.40808 -0.347324 2 
-1.4132 -0.357692 2 
-1.41522 -0.361814 2 
-1.41834 -0.36806 2 
-1.42346 -0.378428 2 
-1.42559 -0.38278 2 
-1.42859 -0.388796 2 
-1.43371 -0.399164 2 
-1.43595 -0.403745 2 
-1.43884 -0.409532 2 
-1.44397 -0.4199 2 
-1.44632 -0.424711 2 
-1.4491 -0.430268 2 
-1.45422 -0.440635 2 
-1.45669 -0.445677 2 
-1.45935 -0.451003 2 
-1.46448 -0.461371 2 
-1.46706 -0.466643 2 
-1.4696 -0.471739 2 
-1.47473 -0.482107 2 
-1.47742 -0.487609 2 
-1.47986 -0.492475 2 
-1.48499 -0.502843 2 
-1.48779 -0.508575 2 
-1.49011 -0.513211 2 
-1.49524 -0.523579 2 
-1.49816 -0.529541 2 

# Contour 5, label: 
-0.834615 0.812268 2 
-0.839015 0.803512 2 
-0.844091 0.793144 2 
-0.844983 0.791303 2 
-0.849267 0.782776 2 
-0.854348 0.772408 2 
-0.855351 0.770339 2 
-0.85952 0.76204 2 
-0.864604 0.751672 2 
-0.865719 0.749374 2 
-0.869772 0.741304 2 
-0.874861 0.730936 2 
-0.876087 0.728409 2 
-0.880025 0.720569 2 
-0.885117 0.710201 2 
-0.886455 0.707444 2 
-0.890278 0.699833 2 
-0.895373 0.689465 2 
-0.896823 0.686479 2 
-0.90053 0.679097 2 
-0.905629 0.668729 2 
-0.907191 0.665513 2 
-0.910782 0.658361 2 
-0.915885 0.647993 2 
-0.917559 0.644548 2 
-0.921035 0.637625 2 
-0.926141 0.627258 2 
-0.927926 0.623583 2 
-0.931287 0.61689 2 
-0.936396 0.606522 2 
-0.938294 0.602617 2 
-0.94154 0.596154 2 
-0.946652 0.585786 2 
-0.948662 0.581652 2 
-0.951792 0.575418 2 
-0.956907 0.56505 2 
-0.95903 0.560686 2 
-0.962044 0.554682 2 
-0.967163 0.544314 2 
-0.969398 0.53972 2 
-0.972297 0.533947 2 
-0.977418 0.523579 2 
-0.979766 0.518754 2 
-0.982549 0.513211 2 
-0.987673 0.502843 2 
-0.990134 0.497788 2 
-0.992801 0.492475 2 
-0.997928 0.482107 2 
-1.0005 0.476823 2 
-1.00305 0.471739 2 
-1.00818 0.461371 2 
-1.01087 0.455857 2 
-1.01331 0.451003 2 
-1.01844 0.440635 2 
-1.02124 0.43489 2 
-1.02356 0.430268 2 
-1.02869 0.4199 2 
-1.03161 0.413924 2 
-1.03381 0.409532 2 
-1.03895 0.399164 2 
-1.04197 0.392958 2 
-1.04406 0.388796 2 
-1.0492 0.378428 2 
-1.05234 0.371992 2 
-1.05431 0.36806 2 
-1.05946 0.357692 2 
-1.06271 0.351025 2 
-1.06457 0.347324 2 
-1.06971 0.336957 2 
-1.07308 0.330059 2 
-1.07482 0.326589 2 
-1.07997 0.316221 2 
-1.08344 0.309093 2 
-1.08507 0.305853 2 
-1.09022 0.295485 2 
-1.09381 0.288126 2 
-1.09532 0.285117 2 
-1.10048 0.274749 2 
-1.10418 0.267159 2 
-1.10557 0.264381 2 
-1.11073 0.254013 2 
-1.11455 0.246193 2 
-1.11583 0.243645 2 
-1.12098 0.233278 2 
-1.12492 0.225226 2 
-1.12608 0.22291 2 
-1.13124 0.212542 2 
-1.13528 0.20426 2 
-1.13633 0.202174 2 
-1.14149 0.191806 2 
-1.14565 0.183293 2 
-1.14658 0.181438 2 
-1.15175 0.17107 2 
-1.15602 0.162326 2 
-1.15683 0.160702 2 
-1.162 0.150334 2 
-1.16639 0.141359 2 
-1.16709 0.139967 2 
-1.17225 0.129599 2 

# Contour 6, label: 
-0.495531 1.49816 2 
-0.500641 1.48779 2 
-0.502843 1.4832 2 
-0.505781 1.47742 2 
-0.510896 1.46706 2 
-0.513211 1.46223 2 
-0.51603 1.45669 2 
-0.521152 1.44632 2 
-0.523579 1.44126 2 
-0.52628 1.43595 2 
-0.531407 1.42559 2 
-0.533947 1.4203 2 
-0.53653 1.41522 2 
-0.541662 1.40485 2 
-0.544314 1.39933 2 
-0.54678 1.39448 2 
-0.551916 1.38411 2 
-0.554682 1.37836 2 
-0.557029 1.37375 2 
-0.562171 1.36338 2 
-0.56505 1.3574 2 
-0.567279 1.35301 2 
-0.572426 1.34264 2 
-0.575418 1.33643 2 
-0.577529 1.33227 2 
-0.58268 1.32191 2 
-0.585786 1.31546 2 
-0.587779 1.31154 2 
-0.592934 1.30117 2 
-0.596154 1.2945 2 
-0.598029 1.2908 2 
-0.603189 1.28043 2 
-0.606522 1.27353 2 
-0.608279 1.27007 2 
-0.613443 1.2597 2 
-0.61689 1.25256 2 
-0.618529 1.24933 2 
-0.623697 1.23896 2 
-0.627258 1.2316 2 
-0.628779 1.2286 2 
-0.633951 1.21823 2 
-0.637625 1.21063 2 
-0.639029 1.20786 2 
-0.644204 1.19749 2 
-0.647993 1.18966 2 
-0.64928 1.18712 2 
-0.654458 1.17676 2 
-0.658361 1.16869 2 
-0.65953 1.16639 2 
-0.664712 1.15602 2 
-0.668729 1.14773 2 
-0.66978 1.14565 2 
-0.674965 1.13528 2 
-0.679097 1.12676 2 
-0.68003 1.12492 2 
-0.685219 1.11455 2 
-0.689465 1.10579 2 
-0.690281 1.10418 2 
-0.695472 1.09381 2 
-0.699833 1.08482 2 
-0.700531 1.08344 2 
-0.705726 1.07308 2 
-0.710201 1.06386 2 
-0.710781 1.06271 2 
-0.715979 1.05234 2 
-0.720569 1.04289 2 
-0.721032 1.04197 2 
-0.726232 1.03161 2 
-0.730936 1.02192 2 
-0.731282 1.02124 2 
-0.736485 1.01087 2 
-0.741304 1.00095 2 
-0.741532 1.0005 2 
-0.746739 0.990134 2 
-0.751672 0.979984 2 
-0.751783 0.979766 2 
-0.756992 0.969398 2 
-0.762034 0.95903 2 
-0.767245 0.948662 2 
-0.772291 0.938294 2 
-0.772408 0.938053 2 
-0.777498 0.927926 2 
-0.782549 0.917559 2 
-0.782776 0.917089 2 
-0.787751 0.907191 2 
-0.792806 0.896823 2 
-0.793144 0.896125 2 
-0.798003 0.886455 2 
-0.803064 0.876087 2 
-0.803512 0.875161 2 
-0.808256 0.865719 2 
-0.813321 0.855351 2 
-0.81388 0.854197 2 
-0.818509 0.844983 2 
-0.823578 0.834615 2 
-0.824247 0.833232 2 
-0.828762 0.824247 2 
-0.833835 0.81388 2 
-0.834615 0.812268 2 

