
# Surface 0 of 1 surfaces

# Curve title: "sprintf('fM_M%d_max-rE.dat', M) u 1:2:($3/1000) binary matrix"

# Contour 0, label:        2
0.513211 -1.17928 2 
0.514312 -1.18712 2 
0.515765 -1.19749 2 
0.517215 -1.20786 2 
0.518662 -1.21823 2 
0.520106 -1.2286 2 
0.521548 -1.23896 2 
0.522986 -1.24933 2 
0.523579 -1.25361 2 
0.524434 -1.2597 2 
0.525887 -1.27007 2 
0.527338 -1.28043 2 
0.528785 -1.2908 2 
0.53023 -1.30117 2 
0.531672 -1.31154 2 
0.533111 -1.32191 2 
0.533947 -1.32794 2 
0.534556 -1.33227 2 
0.536009 -1.34264 2 
0.53746 -1.35301 2 
0.538908 -1.36338 2 
0.540353 -1.37375 2 
0.541796 -1.38411 2 
0.543235 -1.39448 2 
0.544314 -1.40227 2 
0.544677 -1.40485 2 
0.546131 -1.41522 2 
0.547582 -1.42559 2 
0.549031 -1.43595 2 
0.550476 -1.44632 2 
0.551919 -1.45669 2 
0.55336 -1.46706 2 
0.554682 -1.4766 2 
0.554799 -1.47742 2 
0.556253 -1.48779 2 
0.557705 -1.49816 2 

# Contour 1, label: 
0.388796 -0.287336 2 
0.389943 -0.295485 2 
0.391398 -0.305853 2 
0.392849 -0.316221 2 
0.394296 -0.326589 2 
0.395739 -0.336957 2 
0.397179 -0.347324 2 
0.398615 -0.357692 2 
0.399164 -0.361667 2 
0.400064 -0.36806 2 
0.401519 -0.378428 2 
0.402971 -0.388796 2 
0.404419 -0.399164 2 
0.405863 -0.409532 2 
0.407303 -0.4199 2 
0.40874 -0.430268 2 
0.409532 -0.435996 2 
0.410185 -0.440635 2 
0.411641 -0.451003 2 
0.413093 -0.461371 2 
0.414541 -0.471739 2 
0.415986 -0.482107 2 
0.417427 -0.492475 2 
0.418865 -0.502843 2 
0.4199 -0.510323 2 
0.420306 -0.513211 2 
0.421763 -0.523579 2 
0.423215 -0.533947 2 
0.424664 -0.544314 2 
0.42611 -0.554682 2 
0.427551 -0.56505 2 
0.42899 -0.575418 2 
0.430268 -0.58465 2 
0.430428 -0.585786 2 
0.431884 -0.596154 2 
0.433337 -0.606522 2 
0.434787 -0.61689 2 
0.436233 -0.627258 2 
0.437675 -0.637625 2 
0.439114 -0.647993 2 
0.44055 -0.658361 2 
0.440635 -0.658978 2 
0.442006 -0.668729 2 
0.443459 -0.679097 2 
0.444909 -0.689465 2 
0.446356 -0.699833 2 
0.447799 -0.710201 2 
0.449239 -0.720569 2 
0.450676 -0.730936 2 
0.451003 -0.733309 2 
0.452127 -0.741304 2 
0.453581 -0.751672 2 
0.455032 -0.76204 2 
0.456479 -0.772408 2 
0.457923 -0.782776 2 
0.459363 -0.793144 2 
0.460801 -0.803512 2 
0.461371 -0.807639 2 
0.462249 -0.81388 2 
0.463703 -0.824247 2 
0.465154 -0.834615 2 
0.466602 -0.844983 2 
0.468046 -0.855351 2 
0.469487 -0.865719 2 
0.470925 -0.876087 2 
0.471739 -0.881968 2 
0.47237 -0.886455 2 
0.473825 -0.896823 2 
0.475276 -0.907191 2 
0.476724 -0.917559 2 
0.478169 -0.927926 2 
0.479611 -0.938294 2 
0.48105 -0.948662 2 
0.482107 -0.956296 2 
0.482492 -0.95903 2 
0.483947 -0.969398 2 
0.485398 -0.979766 2 
0.486847 -0.990134 2 
0.488293 -1.0005 2 
0.489735 -1.01087 2 
0.491175 -1.02124 2 
0.492475 -1.03062 2 
0.492613 -1.03161 2 
0.494068 -1.04197 2 
0.495521 -1.05234 2 
0.49697 -1.06271 2 
0.498416 -1.07308 2 
0.499859 -1.08344 2 
0.501299 -1.09381 2 
0.502736 -1.10418 2 
0.502843 -1.10495 2 
0.50419 -1.11455 2 
0.505643 -1.12492 2 
0.507092 -1.13528 2 
0.508539 -1.14565 2 
0.509983 -1.15602 2 
0.511423 -1.16639 2 
0.512861 -1.17676 2 
0.513211 -1.17928 2 

# Contour 2, label: 
0.264381 0.604609 2 
0.265576 0.596154 2 
0.267035 0.585786 2 
0.268488 0.575418 2 
0.269935 0.56505 2 
0.271377 0.554682 2 
0.272814 0.544314 2 
0.274245 0.533947 2 
0.274749 0.530277 2 
0.275696 0.523579 2 
0.277155 0.513211 2 
0.278609 0.502843 2 
0.280058 0.492475 2 
0.281501 0.482107 2 
0.282938 0.471739 2 
0.284371 0.461371 2 
0.285117 0.455948 2 
0.285816 0.451003 2 
0.287276 0.440635 2 
0.28873 0.430268 2 
0.29018 0.4199 2 
0.291624 0.409532 2 
0.293063 0.399164 2 
0.294496 0.388796 2 
0.295485 0.381621 2 
0.295937 0.378428 2 
0.297397 0.36806 2 
0.298852 0.357692 2 
0.300302 0.347324 2 
0.301747 0.336957 2 
0.303187 0.326589 2 
0.304622 0.316221 2 
0.305853 0.307295 2 
0.306057 0.305853 2 
0.307517 0.295485 2 
0.308973 0.285117 2 
0.310424 0.274749 2 
0.311869 0.264381 2 
0.31331 0.254013 2 
0.314747 0.243645 2 
0.316178 0.233278 2 
0.316221 0.232969 2 
0.317638 0.22291 2 
0.319094 0.212542 2 
0.320546 0.202174 2 
0.321992 0.191806 2 
0.323434 0.181438 2 
0.324871 0.17107 2 
0.326304 0.160702 2 
0.326589 0.158636 2 
0.327759 0.150334 2 
0.329215 0.139967 2 
0.330667 0.129599 2 
0.332115 0.119231 2 
0.333558 0.108863 2 
0.334996 0.098495 2 
0.33643 0.0881271 2 
0.336957 0.0843052 2 
0.33788 0.0777592 2 
0.339337 0.0673913 2 
0.340789 0.0570234 2 
0.342237 0.0466555 2 
0.343681 0.0362876 2 
0.34512 0.0259197 2 
0.346555 0.0155518 2 
0.347324 0.00997616 2 
0.348 0.00518395 2 
0.349458 -0.00518395 2 
0.350911 -0.0155518 2 
0.35236 -0.0259197 2 
0.353804 -0.0362876 2 
0.355244 -0.0466555 2 
0.356681 -0.0570234 2 
0.357692 -0.0643515 2 
0.358121 -0.0673913 2 
0.359579 -0.0777592 2 
0.361033 -0.0881271 2 
0.362482 -0.098495 2 
0.363927 -0.108863 2 
0.365368 -0.119231 2 
0.366805 -0.129599 2 
0.36806 -0.138677 2 
0.368242 -0.139967 2 
0.3697 -0.150334 2 
0.371154 -0.160702 2 
0.372604 -0.17107 2 
0.37405 -0.181438 2 
0.375492 -0.191806 2 
0.37693 -0.202174 2 
0.378364 -0.212542 2 
0.378428 -0.213005 2 
0.379822 -0.22291 2 
0.381276 -0.233278 2 
0.382727 -0.243645 2 
0.384173 -0.254013 2 
0.385616 -0.264381 2 
0.387055 -0.274749 2 
0.38849 -0.285117 2 
0.388796 -0.287336 2 

# Contour 3, label: 
0.139749 1.49816 2 
0.139967 1.49655 2 
0.141218 1.48779 2 
0.142687 1.47742 2 
0.144146 1.46706 2 
0.145594 1.45669 2 
0.147032 1.44632 2 
0.148459 1.43595 2 
0.149878 1.42559 2 
0.150334 1.42222 2 
0.151335 1.41522 2 
0.152804 1.40485 2 
0.154264 1.39448 2 
0.155713 1.38411 2 
0.157153 1.37375 2 
0.158584 1.36338 2 
0.160005 1.35301 2 
0.160702 1.34789 2 
0.161452 1.34264 2 
0.162922 1.33227 2 
0.164382 1.32191 2 
0.165833 1.31154 2 
0.167275 1.30117 2 
0.168708 1.2908 2 
0.170132 1.28043 2 
0.17107 1.27356 2 
0.17157 1.27007 2 
0.173039 1.2597 2 
0.1745 1.24933 2 
0.175952 1.23896 2 
0.177396 1.2286 2 
0.178831 1.21823 2 
0.180258 1.20786 2 
0.181438 1.19924 2 
0.181688 1.19749 2 
0.183158 1.18712 2 
0.184619 1.17676 2 
0.186072 1.16639 2 
0.187517 1.15602 2 
0.188955 1.14565 2 
0.190384 1.13528 2 
0.191806 1.12492 2 
0.193276 1.11455 2 
0.194738 1.10418 2 
0.196192 1.09381 2 
0.197639 1.08344 2 
0.199078 1.07308 2 
0.200509 1.06271 2 
0.201934 1.05234 2 
0.202174 1.05058 2 
0.203395 1.04197 2 
0.204857 1.03161 2 
0.206312 1.02124 2 
0.20776 1.01087 2 
0.209201 1.0005 2 
0.210634 0.990134 2 
0.212061 0.979766 2 
0.212542 0.976248 2 
0.213514 0.969398 2 
0.214977 0.95903 2 
0.216433 0.948662 2 
0.217881 0.938294 2 
0.219323 0.927926 2 
0.220759 0.917559 2 
0.222187 0.907191 2 
0.22291 0.901919 2 
0.223633 0.896823 2 
0.225096 0.886455 2 
0.226553 0.876087 2 
0.228003 0.865719 2 
0.229446 0.855351 2 
0.230883 0.844983 2 
0.232313 0.834615 2 
0.233278 0.827592 2 
0.233752 0.824247 2 
0.235216 0.81388 2 
0.236673 0.803512 2 
0.238124 0.793144 2 
0.239569 0.782776 2 
0.241007 0.772408 2 
0.242439 0.76204 2 
0.243645 0.753267 2 
0.243872 0.751672 2 
0.245336 0.741304 2 
0.246794 0.730936 2 
0.248245 0.720569 2 
0.249691 0.710201 2 
0.25113 0.699833 2 
0.252564 0.689465 2 
0.253992 0.679097 2 
0.254013 0.678942 2 
0.255456 0.668729 2 
0.256914 0.658361 2 
0.258367 0.647993 2 
0.259813 0.637625 2 
0.261254 0.627258 2 
0.262689 0.61689 2 
0.264119 0.606522 2 
0.264381 0.604609 2 

# Contour 4, label: 
-1.30117 0.940041 2 
-1.30264 0.938294 2 
-1.31127 0.927926 2 
-1.31154 0.927606 2 
-1.31994 0.917559 2 
-1.32191 0.915182 2 
-1.3286 0.907191 2 
-1.33227 0.902755 2 
-1.33725 0.896823 2 
-1.34264 0.890324 2 
-1.34589 0.886455 2 
-1.35301 0.877891 2 
-1.35453 0.876087 2 
-1.36316 0.865719 2 
-1.36338 0.865456 2 
-1.37182 0.855351 2 
-1.37375 0.853032 2 
-1.38048 0.844983 2 
-1.38411 0.840605 2 
-1.38913 0.834615 2 
-1.39448 0.828174 2 
-1.39778 0.824247 2 
-1.40485 0.81574 2 
-1.40641 0.81388 2 
-1.41505 0.803512 2 
-1.41522 0.803305 2 
-1.42371 0.793144 2 
-1.42559 0.790881 2 
-1.43237 0.782776 2 
-1.43595 0.778454 2 
-1.44102 0.772408 2 
-1.44632 0.766024 2 
-1.44966 0.76204 2 
-1.45669 0.75359 2 
-1.4583 0.751672 2 
-1.46693 0.741304 2 
-1.46706 0.741155 2 
-1.4756 0.730936 2 
-1.47742 0.728731 2 
-1.48425 0.720569 2 
-1.48779 0.716304 2 
-1.4929 0.710201 2 
-1.49816 0.703874 2 

# Contour 5, label: 
-0.835655 1.49816 2 
-0.844297 1.48779 2 
-0.844983 1.48696 2 
-0.852969 1.47742 2 
-0.855351 1.47454 2 
-0.861629 1.46706 2 
-0.865719 1.46211 2 
-0.870278 1.45669 2 
-0.876087 1.44968 2 
-0.878915 1.44632 2 
-0.886455 1.43724 2 
-0.887542 1.43595 2 
-0.896183 1.42559 2 
-0.896823 1.42481 2 
-0.904854 1.41522 2 
-0.907191 1.41239 2 
-0.913513 1.40485 2 
-0.917559 1.39996 2 
-0.922162 1.39448 2 
-0.927926 1.38753 2 
-0.930801 1.38411 2 
-0.938294 1.37509 2 
-0.939429 1.37375 2 
-0.948069 1.36338 2 
-0.948662 1.36266 2 
-0.956739 1.35301 2 
-0.95903 1.35024 2 
-0.965398 1.34264 2 
-0.969398 1.33781 2 
-0.974047 1.33227 2 
-0.979766 1.32538 2 
-0.982686 1.32191 2 
-0.990134 1.31294 2 
-0.991316 1.31154 2 
-0.999955 1.30117 2 
-1.0005 1.30051 2 
-1.00862 1.2908 2 
-1.01087 1.28809 2 
-1.01728 1.28043 2 
-1.02124 1.27566 2 
-1.02593 1.27007 2 
-1.03161 1.26323 2 
-1.03457 1.2597 2 
-1.04197 1.25079 2 
-1.0432 1.24933 2 
-1.05184 1.23896 2 
-1.05234 1.23836 2 
-1.06051 1.2286 2 
-1.06271 1.22593 2 
-1.06917 1.21823 2 
-1.07308 1.21351 2 
-1.07782 1.20786 2 
-1.08344 1.20108 2 
-1.08646 1.19749 2 
-1.09381 1.18864 2 
-1.09509 1.18712 2 
-1.10373 1.17676 2 
-1.10418 1.17621 2 
-1.11239 1.16639 2 
-1.11455 1.16378 2 
-1.12105 1.15602 2 
-1.12492 1.15136 2 
-1.1297 1.14565 2 
-1.13528 1.13893 2 
-1.13834 1.13528 2 
-1.14565 1.12649 2 
-1.14698 1.12492 2 
-1.15561 1.11455 2 
-1.15602 1.11406 2 
-1.16428 1.10418 2 
-1.16639 1.10163 2 
-1.17294 1.09381 2 
-1.17676 1.08921 2 
-1.18159 1.08344 2 
-1.18712 1.07678 2 
-1.19023 1.07308 2 
-1.19749 1.06434 2 
-1.19886 1.06271 2 
-1.2075 1.05234 2 
-1.20786 1.05191 2 
-1.21617 1.04197 2 
-1.21823 1.03948 2 
-1.22482 1.03161 2 
-1.2286 1.02706 2 
-1.23347 1.02124 2 
-1.23896 1.01463 2 
-1.24212 1.01087 2 
-1.24933 1.00219 2 
-1.25075 1.0005 2 
-1.25939 0.990134 2 
-1.2597 0.989756 2 
-1.26805 0.979766 2 
-1.27007 0.977333 2 
-1.27671 0.969398 2 
-1.28043 0.964905 2 
-1.28536 0.95903 2 
-1.2908 0.952475 2 
-1.294 0.948662 2 
-1.30117 0.940041 2 

